220Win 111	7.75	7.00	6.22
Abbott 161	0.14	0.00	0.34
Abbott 165	1.80	1.00	2.64
Abbott B-15	30.91	36.00	16.54
Abbott B015	50.00	50.00	25.00
Abbott B15	19.85	15.00	19.71
Abbott Rp	36.50	34.00	12.99
Ach_A 01	18.65	20.00	9.93
Ach_A 02	17.66	18.00	10.62
Ach_A 03	19.91	22.00	8.97
Ach_A 04	18.35	21.00	9.42
Ach_A 05	18.46	22.00	9.68
Ach_A 07	19.02	19.00	8.69
Ach_A 08	15.70	12.00	11.51
Ach_A 17	12.38	12.00	8.03
Ach_A 18	15.56	15.00	7.91
Alfier 102	35.47	36.00	18.83
Alfier 103	22.36	24.00	12.78
Alfier 104	37.89	43.00	19.07
Alfier 205	21.04	25.00	9.01
Alfier 28	18.00	18.00	0.00
Allen 100	7.67	5.00	7.97
Allen 100D	1.00	1.00	0.00
Allen 101	2.00	1.00	1.83
Allen 106	13.25	15.00	5.38
Allen 205	10.00	8.00	2.76
Allen 42A	9.44	9.00	7.39
Alumni 01	20.94	20.00	5.16
Alumni 07	6.25	6.00	4.09
Alumni 12	8.74	10.00	6.97
Alumni 121	11.80	12.00	5.70
Alumni 144	14.42	16.00	5.77
Alumni 145	15.28	15.00	5.71
Alumni 152	10.41	6.00	11.44
Alumni 153	0.75	0.00	0.83
Alumni 154	11.33	6.00	14.46
Alumni 155	4.33	3.00	2.75
Alumni 173	18.63	18.00	4.58
Alumni 175	30.70	32.00	9.01
Alumni 186	3.23	0.00	7.65
Alumni 187	0.35	0.00	0.88
Alumni 188	5.28	1.00	8.21
Alumni 189	0.39	0.00	0.96
Alumni 190	7.37	4.00	7.60
Alumni 191	2.10	0.00	7.18
Alumni 192	0.96	1.00	1.64
Alumni 193	0.47	0.00	0.69
Alumni 194	2.46	1.00	4.12
Alumni 195	10.16	7.00	11.18
Alumni 195A	15.00	15.00	0.00
Alumni 195C	0.33	0.00	0.80
Alumni 196	1.15	0.00	3.05
Alumni 197	1.17	0.00	3.46
Alumni 198	6.05	2.00	6.64
Alumni 1A	9.33	11.00	7.04
Alumni 1F	17.86	19.00	6.39
Alumni 20	5.45	6.00	1.50
Alumni 21	11.32	11.00	11.33
Alumni 214D	1.00	1.00	0.00
Alumni 217	26.00	25.00	4.36
Alumni 219	3.96	2.00	4.37
Alumni 272	0.30	0.00	1.02
Alumni 273	0.25	0.00	0.73
Alumni 274	0.18	0.00	0.42
Alumni 275	0.19	0.00	0.58
Alumni 276	0.55	0.00	2.05
Alumni 277	0.26	0.00	0.92
Alumni 278	0.77	0.00	1.11
Alumni 280	1.38	0.00	4.32
Alumni 282	0.09	0.00	0.59
Alumni 283	0.42	0.00	0.98
Alumni 284	2.86	0.00	5.47
Alumni 285	0.70	0.00	1.19
Alumni 288	0.64	0.00	1.04
Alumni 55	17.00	17.00	0.00
Alumni 66	26.12	30.00	10.35
Alumni 68E	13.00	13.00	1.63
Alumni 70	29.62	34.00	11.39
Alumni 75	23.25	25.00	11.72
Alumni 76	22.67	23.00	14.34
Alumni 76F	16.50	17.00	4.06
Alumni 86	15.16	15.00	5.72
Alumni 87	7.88	6.00	7.61
Alumni 88	19.64	21.00	11.92
Alumni 90	18.64	20.00	11.73
Alumni 94	20.81	22.00	12.60
Alumni 97	45.69	40.00	31.45
Alumni Arena	22.49	20.00	8.85
Alumni B75	21.60	26.00	11.57
Alumni B78	0.00	0.00	0.00
Alumni B82	15.00	15.00	15.00
Alumni B83	5.00	5.00	5.00
Alumni B85	0.38	0.00	0.70
Alumni B91	0.50	0.00	0.50
Alumni B94	8.00	8.00	0.00
Alumni B97	0.00	0.00	0.00
Alumni Court	13.00	13.00	3.00
Alumni Pool	13.13	14.00	4.14
Alumni Rbcts	6.50	6.00	0.50
Alumni Wtrm	30.00	30.00	0.00
Anders 206	7.75	10.00	5.42
Athlet 410	1.50	1.00	0.50
Aux_Lc Stt	0.00	0.00	0.00
BUTLER AUD	85.00	55.00	94.40
Baird 110	5.37	6.00	3.74
Baird 110B	6.00	6.00	0.00
Baird 111	7.09	6.00	4.67
Baird 18B	8.00	8.00	0.00
Baird 201	4.27	5.00	2.93
Baird 204	1.94	1.00	2.32
Baird 206	0.98	1.00	1.38
Baird 210	0.56	0.00	1.24
Baird 211	20.65	17.00	16.49
Baird 214	1.59	1.00	2.06
Baird 216	2.94	2.00	3.42
Baird 220	1.00	1.00	0.00
Baird 222	1.60	1.00	1.43
Baird 226	1.00	1.00	0.00
Baird 227	9.01	8.00	5.86
Baird 228	1.03	0.00	1.72
Baird 230	2.16	1.00	2.22
Baird 232	1.75	1.00	0.83
Baird 234	1.83	1.00	1.71
Baird 236	4.70	5.00	3.00
Baird 237	9.43	3.00	10.99
Baird 24	23.00	23.00	0.00
Baird 240	1.94	1.00	2.40
Baird 250	64.91	60.00	52.41
Baird 301	2.85	3.00	1.46
Baird 302	2.59	1.00	2.86
Baird 304	3.63	2.00	3.43
Baird 306	0.50	0.00	1.25
Baird 307	3.61	3.00	1.64
Baird 308	0.89	0.00	1.36
Baird 309	3.53	3.00	2.59
Baird 310	2.14	1.00	3.06
Baird 311	0.88	0.00	1.17
Baird 312	3.36	2.00	3.74
Baird 313	4.50	4.00	3.15
Baird 314	0.83	0.00	1.07
Baird 315	2.50	2.00	2.19
Baird 316	1.95	1.00	2.15
Baird 318	9.60	4.00	11.24
Baird 327	10.76	8.00	9.33
Baird 352	7.57	7.00	4.67
Baird 402	2.10	1.00	2.56
Baird 406	2.31	1.00	2.92
Baird 410	2.10	2.00	2.09
Baird 411	0.86	1.00	1.05
Baird 413	1.09	1.00	1.49
Baird 414	3.20	2.00	4.94
Baird 415	1.70	2.00	1.43
Baird 417	3.19	2.00	3.30
Baird 418	4.23	3.00	3.71
Baird 419	10.44	2.00	14.53
Baird 420	1.45	1.00	1.72
Baird 422	0.83	0.00	1.19
Baird 424	1.67	1.00	0.94
Baird 430	1.18	1.00	1.16
Baird 432	1.35	1.00	1.55
Baird 434	1.30	1.00	1.11
Baird 436	1.76	1.00	2.14
Baird 438	0.83	1.00	0.37
Baird 441	1.25	1.00	0.43
Baird 442	0.74	1.00	0.90
Baird 444	0.89	0.00	1.67
Baird 446	1.07	1.00	1.61
Baird 448	1.31	1.00	1.83
Baird 450	1.12	1.00	0.95
Baird Ar	0.67	0.00	0.75
Baird B1	8.19	3.00	14.01
Baird B18	2.36	2.00	2.18
Baird B2	1.03	1.00	1.14
Baird B20	2.00	2.00	1.68
Baird B3	3.60	3.00	2.81
Baird B33	11.69	8.00	10.78
Baird B4	0.23	0.00	0.72
Baird Lib	1.29	1.00	0.70
Baldy 02	2.40	2.00	1.95
Baldy 03	3.71	0.00	5.90
Baldy 04	1.04	1.00	2.22
Baldy 05	3.65	3.00	3.31
Baldy 08	3.57	2.00	2.56
Baldy 08F	6.03	5.00	3.92
Baldy 101	41.55	37.00	29.79
Baldy 104	0.00	0.00	0.00
Baldy 105	16.31	19.00	7.48
Baldy 106	14.76	17.00	7.67
Baldy 107	16.71	20.00	7.71
Baldy 108	24.35	23.00	14.67
Baldy 109	15.74	18.00	6.95
Baldy 11	14.00	10.00	9.42
Baldy 110	24.64	24.00	13.45
Baldy 111	17.55	21.00	7.31
Baldy 112	12.17	13.00	6.47
Baldy 113	17.28	20.00	7.03
Baldy 114	15.95	19.00	7.60
Baldy 115	14.65	16.00	7.57
Baldy 117	19.34	20.00	10.73
Baldy 118	16.26	20.00	7.75
Baldy 119	16.81	20.00	7.08
Baldy 12	14.26	15.00	8.57
Baldy 120	11.95	13.00	6.43
Baldy 121	16.66	20.00	7.26
Baldy 123	17.52	21.00	7.12
Baldy 125	16.92	20.00	7.06
Baldy 126	16.42	19.00	7.54
Baldy 127	16.94	20.00	7.41
Baldy 12A	10.50	9.00	7.46
Baldy 14	18.26	17.00	10.46
Baldy 14A	13.53	12.00	9.02
Baldy 15	2.08	1.00	2.89
Baldy 16	1.50	1.00	0.67
Baldy 17	6.64	6.00	5.96
Baldy 19	14.14	13.00	11.55
Baldy 200	20.06	20.00	8.96
Baldy 200C	17.37	19.00	6.90
Baldy 200G	20.09	18.00	13.13
Baldy 202	21.50	23.00	6.28
Baldy 202C	20.83	25.00	9.92
Baldy 202J	21.22	24.00	5.94
Baldy 204	4.67	0.00	6.60
Baldy 206	19.45	22.00	7.01
Baldy 208	7.60	3.00	10.21
Baldy 209	16.40	19.00	7.66
Baldy 21	15.50	18.00	8.51
Baldy 210	23.01	24.00	4.02
Baldy 212	4.00	4.00	2.58
Baldy 213	16.37	20.00	8.96
Baldy 214	14.60	16.00	6.63
Baldy 215	0.21	0.00	0.89
Baldy 216	13.93	14.00	7.25
Baldy 217	1.57	1.00	2.29
Baldy 218	15.07	15.00	7.73
Baldy 221	11.33	9.00	5.56
Baldy 222	12.00	12.00	0.00
Baldy 230	8.00	8.00	0.00
Baldy 255	1.00	1.00	0.00
Baldy 28	13.61	13.00	5.32
Baldy 301	3.50	2.00	2.18
Baldy 303	3.00	2.00	2.98
Baldy 304	4.50	3.00	4.15
Baldy 305	2.40	2.00	1.11
Baldy 306	5.17	4.00	3.75
Baldy 309	1.20	1.00	0.40
Baldy 31	9.00	9.00	4.00
Baldy 311	3.14	2.00	2.10
Baldy 313	3.43	3.00	2.37
Baldy 320	13.62	14.00	4.36
Baldy 325	1.10	0.00	1.94
Baldy 327	4.00	4.00	4.00
Baldy 331	0.75	0.00	0.83
Baldy 332	1.63	1.00	0.86
Baldy 333	1.25	0.00	1.64
Baldy 334	1.50	0.00	2.06
Baldy 335	0.00	0.00	0.00
Baldy 336	2.49	0.00	7.41
Baldy 337	0.00	0.00	0.00
Baldy 343	1.67	2.00	0.47
Baldy 347	2.50	2.00	0.50
Baldy 352	1.21	1.00	1.32
Baldy 354	0.53	0.00	1.26
Baldy 357	15.28	11.00	13.09
Baldy 361	0.25	0.00	0.43
Baldy 363	4.00	4.00	0.00
Baldy 367	1.51	1.00	1.54
Baldy 375	1.27	1.00	2.20
Baldy 376	78.18	89.00	52.60
Baldy 379	7.28	1.00	10.04
Baldy 379A	2.08	2.00	1.26
Baldy 379C	3.33	4.00	1.70
Baldy 381	4.95	4.00	3.49
Baldy 401	1.17	0.00	2.13
Baldy 402	1.92	1.00	2.06
Baldy 403	0.75	0.00	1.38
Baldy 404	2.55	1.00	3.49
Baldy 405	1.13	1.00	1.26
Baldy 407	1.75	1.00	0.83
Baldy 408	3.21	3.00	1.57
Baldy 409	9.00	10.00	7.02
Baldy 412	11.25	11.00	1.09
Baldy 413	1.33	0.00	1.89
Baldy 414	0.57	0.00	0.92
Baldy 415	7.23	7.00	6.13
Baldy 416	7.07	6.00	6.56
Baldy 417	1.60	0.00	2.90
Baldy 418	0.47	0.00	0.81
Baldy 419	0.65	0.00	1.08
Baldy 420	0.97	1.00	1.22
Baldy 421	2.03	1.00	2.98
Baldy 422	0.23	0.00	0.60
Baldy 423	0.88	0.00	1.07
Baldy 424	0.57	0.00	1.01
Baldy 425	5.68	5.00	5.09
Baldy 426	2.86	2.00	2.77
Baldy 427	1.60	1.00	1.74
Baldy 428	2.27	0.00	4.42
Baldy 428E	8.67	10.00	4.19
Baldy 430	2.65	1.00	3.46
Baldy 431	1.31	0.00	2.26
Baldy 434	1.23	1.00	1.52
Baldy 45	4.18	4.00	1.64
Baldy 462	6.00	6.00	0.00
Baldy 464	2.33	3.00	1.70
Baldy 466	2.12	1.00	2.71
Baldy 467	8.00	8.00	4.00
Baldy 468	1.16	0.00	2.41
Baldy 469	2.00	2.00	0.00
Baldy 470	3.71	2.00	4.31
Baldy 471	0.95	0.00	1.34
Baldy 472	7.58	8.00	5.11
Baldy 473	1.09	0.00	1.82
Baldy 474	14.14	15.00	6.31
Baldy 475	2.76	1.00	2.98
Baldy 476	6.98	7.00	5.13
Baldy 477	2.26	2.00	2.38
Baldy 478	1.56	1.00	2.00
Baldy 479	13.85	14.00	7.09
Baldy 481	0.77	1.00	0.89
Baldy 482	4.25	2.00	5.00
Baldy 484	0.20	0.00	0.47
Baldy 485	3.14	1.00	4.07
Baldy 486	3.65	0.00	5.92
Baldy 487	2.08	1.00	3.09
Baldy 497	18.50	18.00	1.50
Baldy 501	0.00	0.00	0.00
Baldy 502	0.00	0.00	0.00
Baldy 503	2.20	3.00	1.17
Baldy 505	2.08	1.00	3.43
Baldy 509	6.33	6.00	3.03
Baldy 513	0.40	0.00	0.71
Baldy 520	0.50	0.00	0.50
Baldy 522	0.82	0.00	1.13
Baldy 524	0.59	0.00	1.23
Baldy 526	0.83	0.00	1.41
Baldy 528	0.97	1.00	1.10
Baldy 530	2.00	1.00	1.84
Baldy 53346	0.00	0.00	0.00
Baldy 536	0.55	0.00	1.14
Baldy 537	0.64	0.00	1.52
Baldy 538	3.47	1.00	6.42
Baldy 539	2.30	0.00	5.91
Baldy 540	0.59	0.00	0.95
Baldy 541	2.31	1.00	2.95
Baldy 544	1.39	0.00	2.56
Baldy 545	2.23	1.00	4.14
Baldy 546	0.80	0.00	1.41
Baldy 547	1.86	1.00	2.67
Baldy 548	0.35	0.00	0.81
Baldy 549	0.24	0.00	0.64
Baldy 552	0.18	0.00	0.44
Baldy 553	3.07	0.00	6.24
Baldy 554	11.00	11.00	0.00
Baldy 555	3.14	1.00	5.27
Baldy 560	9.10	9.00	5.17
Baldy 566	7.00	7.00	0.00
Baldy 569	3.00	3.00	0.00
Baldy 572	1.00	1.00	0.00
Baldy 587	7.00	7.00	0.00
Baldy 588	10.00	10.00	0.00
Baldy 593	5.86	6.00	4.02
Baldy 594	7.13	8.00	3.98
Baldy 602	0.22	0.00	0.41
Baldy 603	3.60	1.00	7.23
Baldy 604	1.21	1.00	1.63
Baldy 605	0.29	0.00	0.45
Baldy 606	0.58	0.00	0.99
Baldy 607	0.00	0.00	0.00
Baldy 609	0.00	0.00	0.00
Baldy 610	1.31	0.00	2.71
Baldy 611	0.55	0.00	1.30
Baldy 613	1.50	1.00	0.50
Baldy 614	3.80	5.00	1.94
Baldy 615	4.33	2.00	4.03
Baldy 616	0.67	0.00	0.77
Baldy 617	2.62	1.00	5.75
Baldy 618	1.52	1.00	1.24
Baldy 620	2.48	2.00	2.92
Baldy 621	0.15	0.00	0.52
Baldy 622	0.51	0.00	2.71
Baldy 623	0.00	0.00	0.00
Baldy 624	0.27	0.00	0.63
Baldy 626	0.13	0.00	0.39
Baldy 627	0.46	0.00	0.88
Baldy 628	0.28	0.00	1.06
Baldy 629	1.67	1.00	0.94
Baldy 630	0.22	0.00	0.61
Baldy 631	1.25	1.00	2.14
Baldy 632	0.14	0.00	0.43
Baldy 633	0.32	0.00	0.55
Baldy 635	0.50	0.00	0.87
Baldy 636	0.29	0.00	0.70
Baldy 637	0.00	0.00	0.00
Baldy 638	0.25	0.00	0.43
Baldy 639	0.50	0.00	0.50
Baldy 642	4.04	2.00	4.70
Baldy 645	3.14	0.00	5.03
Baldy 647	0.00	0.00	0.00
Baldy 648	2.33	0.00	3.59
Baldy 652	0.00	0.00	0.00
Baldy 653	7.96	7.00	4.89
Baldy 656	0.24	0.00	0.42
Baldy 656A	1.00	1.00	0.00
Baldy 657	0.31	0.00	0.78
Baldy 658	0.58	0.00	2.78
Baldy 659	0.25	0.00	0.43
Baldy 660	0.94	0.00	1.35
Baldy 662	0.28	0.00	0.69
Baldy 663	0.03	0.00	0.18
Baldy 664	0.50	0.00	0.78
Baldy 665	0.07	0.00	0.28
Baldy 666	0.30	0.00	0.76
Baldy 667	0.06	0.00	0.41
Baldy 668	0.46	0.00	1.04
Baldy 669	2.77	1.00	4.18
Baldy 670	0.76	0.00	1.07
Baldy 671	0.59	0.00	1.24
Baldy 672	0.35	0.00	0.62
Baldy 677	1.36	1.00	1.20
Baldy 680	0.48	0.00	0.96
Baldy 681	0.68	0.00	0.86
Baldy 683	0.19	0.00	0.54
Baldy 684	7.43	5.00	7.29
Baldy 689	1.00	1.00	0.00
Baldy 734B	0.80	1.00	0.40
Baldy 736A	1.00	1.00	0.93
Baldy 738	1.00	1.00	0.00
Baldy 8B	21.75	27.00	9.41
Baldy 99999	1.00	1.00	0.00
Baldy I-Tv	0.00	0.00	0.00
Baldy S54	8.00	8.00	0.00
Beck 02	2.11	0.00	3.35
Beck 102	0.19	0.00	0.39
Bell 03	0.67	0.00	1.89
Bell 103	1.00	1.00	0.00
Bell 12	0.00	0.00	0.00
Bell 123	0.88	0.00	1.59
Bell 125	0.92	1.00	0.86
Bell 126	1.87	1.00	2.43
Bell 127	2.49	1.00	2.71
Bell 128	1.50	1.00	0.50
Bell 129	2.24	2.00	2.70
Bell 130	1.72	0.00	2.43
Bell 131	2.33	1.00	2.85
Bell 132	1.00	1.00	0.00
Bell 135	1.93	1.00	2.48
Bell 136	0.46	0.00	1.06
Bell 137	1.26	1.00	1.14
Bell 138	14.52	13.00	9.48
Bell 139	11.17	12.00	6.87
Bell 140	14.00	14.00	0.00
Bell 146	0.40	0.00	0.49
Bell 201	2.30	0.00	3.79
Bell 207	0.90	0.00	1.31
Bell 209	2.05	0.00	7.24
Bell 210	1.54	1.00	2.48
Bell 211	2.00	2.00	0.00
Bell 212	1.49	1.00	2.13
Bell 213	2.34	1.00	2.45
Bell 214	1.00	1.00	0.96
Bell 215	2.17	1.00	1.77
Bell 217	1.00	1.00	1.79
Bell 218	2.20	1.00	1.40
Bell 219	0.41	0.00	0.77
Bell 220	2.12	2.00	1.80
Bell 221	1.67	1.00	2.00
Bell 222	5.57	4.00	5.47
Bell 223	1.00	1.00	0.00
Bell 224	2.06	1.00	4.26
Bell 225	1.71	2.00	0.45
Bell 226	1.67	1.00	2.43
Bell 226A	0.25	0.00	0.43
Bell 229	4.50	4.00	0.50
Bell 233	3.00	3.00	0.00
Bell 235	2.40	1.00	1.96
Bell 236	1.45	1.00	1.50
Bell 237	3.95	3.00	2.89
Bell 238	1.36	0.00	2.19
Bell 239	1.46	1.00	2.05
Bell 240	1.50	1.00	1.84
Bell 241	0.67	0.00	0.86
Bell 242	6.62	3.00	9.54
Bell 243	1.12	1.00	1.55
Bell 244	1.47	1.00	2.50
Bell 245	2.00	2.00	0.00
Bell 246	1.10	1.00	1.51
Bell 247	5.16	5.00	4.19
Bell 248	2.00	2.00	1.00
Bell 250	4.87	3.00	4.86
Bell 2B	1.00	1.00	0.00
Bell 312	1.00	1.00	0.00
Bell 316	1.00	1.00	0.82
Bell 318	0.33	0.00	0.47
Bell 320	2.00	2.00	0.00
Bell 322	1.82	1.00	1.34
Bell 324	2.25	2.00	0.43
Bell 325	14.98	17.00	7.77
Bell 326	1.30	1.00	1.72
Bell 327	4.36	1.00	5.33
Bell 330	1.40	1.00	1.28
Bell 337	20.72	22.00	12.80
Bell 338	17.53	23.00	10.42
Bell 340	13.94	15.00	9.80
Bell 340C	9.58	10.00	7.10
Bell 340E	5.00	5.00	0.00
Bell 341	9.04	9.00	3.86
Bell 342	2.29	1.00	3.58
Bell 346	2.67	3.00	0.94
Bell 405	1.00	1.00	0.00
Bell 421	7.36	4.00	7.68
Bell 427	16.95	21.00	10.48
Bell 428	10.25	10.00	7.85
Bell 429	2.57	1.00	3.81
Bell 432	0.50	0.00	0.92
Bell 435	8.78	6.00	8.44
Bell 437	1.00	1.00	0.00
Bell 438	2.04	1.00	3.68
Bell 438A	5.00	5.00	0.00
Bioed 125	38.00	38.00	32.00
Bioed 180	0.00	0.00	0.00
Bioed 23	71.00	71.00	0.00
Bioed 230	10.22	6.00	14.74
Bioed 235	33.19	24.00	25.96
Bioed 240	10.28	11.00	8.98
Bioed 240A	5.30	5.00	3.47
Bioed 250	8.63	5.00	9.22
Bioed 258	10.02	10.00	6.82
Bioed 259	38.06	28.00	31.82
Bioed 262	16.90	11.00	16.29
Bioed 264	54.55	52.00	27.54
Bioed 266	5.81	8.00	5.23
Bioed 333	27.01	3.00	45.55
Bioed 350	10.00	9.00	10.47
Bioed 350-N	5.50	5.00	5.50
Bioed 350N	12.20	10.00	8.85
Bioed 353	27.00	2.00	51.24
Bioed 356	1.92	1.00	2.70
Bioed 358	59.24	83.00	48.92
Bioed 40	3.00	3.00	0.00
Bioed 401	0.33	0.00	0.75
Bioed 451	0.33	0.00	0.55
Bioed 455	0.00	0.00	0.00
Bioed 519	2.33	2.00	2.16
Bioed 52	6.50	6.00	0.50
Bioed 81	7.31	4.00	7.75
Bioed 84	10.83	6.00	11.23
Biores 101	17.54	22.00	10.45
Biores 102	0.00	0.00	0.00
Biores 106	0.10	0.00	0.30
Biores 108	0.25	0.00	0.43
Biores 109	0.00	0.00	0.00
Biores 111	0.47	0.00	0.68
Biores 112	0.38	0.00	0.92
Biores 113	0.40	0.00	0.49
Biores 117	1.08	0.00	1.65
Biores 122	0.50	0.00	0.61
Biores 140	0.00	0.00	0.00
Biores 143	0.92	0.00	1.59
Biores 145	0.00	0.00	0.00
Biores 146	0.37	0.00	0.58
Biores 147	1.64	2.00	1.04
Biores 201	16.00	16.00	0.00
Biores 210	0.33	0.00	0.47
Biores 213	0.89	0.00	1.24
Biores 217	0.92	0.00	1.00
Biores 219	0.88	1.00	0.78
Biores 230	0.88	1.00	0.86
Biores 249	0.95	0.00	1.32
Biores 250	14.00	14.00	0.00
Biores 251	2.38	2.00	1.93
Biores 253	1.65	1.00	1.49
Biores 351	1.00	1.00	1.10
Biores 356	2.40	2.00	1.36
Biores 362	1.00	1.00	0.00
Biores 401	6.78	4.00	5.83
Biores 405	6.00	6.00	1.00
Biores 416	5.13	5.00	2.03
Biores 420	0.25	0.00	0.60
Biores 451	1.00	1.00	0.00
Biores 460	5.50	5.00	1.50
Biores 461	2.40	2.00	2.43
Biores 501	8.41	9.00	6.87
Biores 506	0.71	0.00	1.02
Biores 513	0.60	0.00	0.80
Biores 517	3.00	3.00	0.00
Biores 522	0.63	0.00	0.81
Biores 528	1.25	1.00	0.83
Biores 536	2.00	2.00	0.00
Biores 540	1.48	1.00	1.72
Biores 546	2.00	2.00	0.00
Biores 547	1.80	2.00	0.40
Biores 550	1.50	1.00	0.50
Biores 560	4.50	4.00	1.50
Biores 561	2.00	1.00	1.41
Biores 606	1.05	1.00	0.93
Biores 610	3.54	3.00	2.28
Biores 613	0.61	0.00	0.76
Biores 619	1.00	0.00	1.41
Biores 620	2.43	1.00	2.06
Biores 622	1.77	2.00	1.25
Biores 630	2.37	2.00	1.18
Biores 636	2.00	2.00	1.53
Biores 644	1.58	1.00	1.58
Biores 647	0.00	0.00	0.00
Biores 649	0.00	0.00	0.00
Biores 651	1.00	1.00	0.63
Biores 653	0.80	1.00	0.75
Biores 656	1.72	2.00	1.22
Biores 660	2.23	2.00	1.36
Bonner 115C	1.00	1.00	0.00
Bonner 117	2.40	1.00	2.71
Bonner 117B	2.44	1.00	2.50
Bonner 119	2.62	1.00	2.20
Bonner 120	1.33	1.00	0.47
Bonner 126	7.67	2.00	8.81
Bonner 127	23.50	23.00	17.50
Bonner 130	10.84	7.00	10.57
Bonner 201	1.00	1.00	0.00
Bonner 208	4.37	3.00	4.13
Bonner 210	7.00	7.00	0.00
Bonner 210A	1.00	1.00	0.00
Bonner 210B	1.50	1.00	0.50
Bonner 212	3.61	3.00	3.30
Bonner 214	1.00	1.00	0.00
Bonner 215A	0.33	0.00	0.47
Bonner 215C	1.00	1.00	0.00
Bonner 215F	2.00	2.00	0.00
Bonner 217	1.00	1.00	0.00
Bonner 217A	3.36	2.00	4.73
Bonner 217B	1.00	1.00	0.00
Bonner 217C	0.00	0.00	0.00
Bonner 218	2.00	2.00	0.00
Bonner 30	5.00	5.00	0.00
Bonner 309	2.00	2.00	0.82
Bonner 312	2.75	3.00	0.43
Bonner 312B	4.00	4.00	2.00
Bonner 314A	1.75	1.00	0.83
Bonner 316	1.00	1.00	0.00
Bonner 332	0.90	0.00	1.57
Bonner 332F	1.08	1.00	1.52
Bonner 352	1.00	1.00	0.00
Bonner 410	0.85	1.00	0.86
Bonner 412	0.64	0.00	1.68
Bonner 412A	4.50	1.00	11.98
Bonner 414	11.62	6.00	12.02
Bonner C130	9.00	9.00	0.00
Brdres 195	0.33	0.00	0.47
Brdres 560	0.50	0.00	0.50
C-V 104A	0.00	0.00	0.00
C-V 110	0.80	1.00	0.75
C-V 119	0.47	0.00	0.72
C-V 130	0.52	0.00	1.13
C-V 135	0.00	0.00	0.00
C-V 142	0.00	0.00	0.00
C-V 144	0.00	0.00	0.00
C-V 1St	0.91	1.00	0.87
C-V 1Stfl	0.93	1.00	1.03
C-V 216	1.50	1.00	0.50
C-V 219A	0.53	1.00	0.50
C-V 226	0.50	0.00	0.63
C-V 228	0.89	1.00	0.57
C-V 230	1.50	1.00	1.50
C-V 247	0.00	0.00	0.00
C-V 269	0.14	0.00	0.35
C-V 2Nd	1.79	1.00	2.50
C-V 2Ndfl	0.67	0.00	0.98
C-V 301	0.60	1.00	0.49
C-V 305	1.60	1.00	0.80
C-V 308	3.29	3.00	1.03
C-V 327	0.00	0.00	0.00
C-V 336	0.22	0.00	0.42
C-V 336C	0.00	0.00	0.00
C-V 3Fl	0.00	0.00	0.00
C-V 3Rd	1.72	2.00	1.10
C-V 402	1.42	1.00	0.86
C-V 4Th	1.06	1.00	0.97
C-V 4Thfl	1.33	1.00	1.37
C-V 501	0.87	0.00	1.04
C-V 502	0.00	0.00	0.00
C-V 504	10.86	10.00	5.20
C-V 5Th	1.90	2.00	0.80
C-V 5Thfl	0.85	0.00	1.11
C-V Bsmt	1.62	1.00	1.73
C-V Z69	0.00	0.00	0.00
Capen 10	25.35	25.00	15.35
Capen 107	26.29	20.00	12.38
Capen 108	17.90	21.00	7.85
Capen 109	17.17	20.00	7.99
Capen 110	18.20	20.00	7.93
Capen 12	1.00	1.00	0.00
Capen 127	11.52	14.00	5.54
Capen 128	6.00	6.00	0.00
Capen 201	22.10	23.00	11.81
Capen 201A	20.55	24.00	12.31
Capen 207	17.14	18.00	8.06
Capen 212	13.79	19.00	8.10
Capen 221	4.00	4.00	0.00
Capen 242	44.00	44.00	0.00
Capen 250	12.73	14.00	6.23
Capen 252	23.52	24.00	11.51
Capen 255	18.47	15.00	15.34
Capen 256	9.19	8.00	5.11
Capen 257	11.01	12.00	7.30
Capen 258	22.12	24.00	10.88
Capen 259	6.00	3.00	6.80
Capen 260	16.95	18.00	9.65
Capen 262	35.59	36.00	18.06
Capen 263	18.38	19.00	8.70
Capen 267	15.00	15.00	0.00
Capen 31	21.31	23.00	12.90
Capen 402	5.93	4.00	6.76
Capen 435	0.00	0.00	0.00
Capen 528	9.00	9.00	0.00
Capen 541	6.75	7.00	1.30
Capen 544	8.50	8.00	4.50
Capen 548	0.00	0.00	0.00
Capen 549	4.50	4.00	4.50
Capen 562	0.75	1.00	0.66
Capen 567	18.09	17.00	9.55
Capen B37	0.25	0.00	0.43
Cary 01	2.48	3.00	1.65
Cary 02	5.00	3.00	4.32
Cary 03	2.06	2.00	1.20
Cary 04	2.08	2.00	0.92
Cary 05	1.80	2.00	1.33
Cary 06	0.45	0.00	0.58
Cary 103	0.55	1.00	0.50
Cary 104	0.39	0.00	0.75
Cary 104B	1.13	1.00	1.31
Cary 104C	8.00	8.00	0.00
Cary 105	3.50	1.00	11.29
Cary 105A	1.83	1.00	0.99
Cary 106	3.75	3.00	4.17
Cary 107	0.27	0.00	0.66
Cary 108	0.64	0.00	0.95
Cary 109	1.18	1.00	1.50
Cary 11	0.22	0.00	0.42
Cary 112	1.32	1.00	1.78
Cary 114	1.00	1.00	0.00
Cary 114B	2.47	2.00	1.65
Cary 116	1.22	1.00	0.53
Cary 118	1.33	1.00	0.47
Cary 120	49.67	59.00	19.91
Cary 122C	6.45	6.00	8.33
Cary 128	0.80	1.00	0.40
Cary 132	2.40	2.00	1.96
Cary 134	46.16	46.00	29.09
Cary 137	1.08	1.00	2.09
Cary 137A	1.00	1.00	0.00
Cary 137B	1.00	1.00	0.00
Cary 137H	1.00	1.00	0.00
Cary 137K	1.00	1.00	0.00
Cary 137N	1.00	1.00	0.00
Cary 137S	1.00	1.00	0.00
Cary 139	33.33	34.00	7.36
Cary 14	0.11	0.00	0.32
Cary 18	3.10	2.00	3.39
Cary 205	1.00	1.00	0.00
Cary 206	1.06	0.00	1.49
Cary 22	12.50	12.00	3.50
Cary 224	1.50	1.00	1.12
Cary 231	14.91	10.00	15.73
Cary 238	0.00	0.00	0.00
Cary 240	7.00	7.00	0.00
Cary 242	2.00	2.00	0.00
Cary 244	40.45	35.00	27.69
Cary 245	37.06	30.00	26.19
Cary 246	25.85	16.00	22.30
Cary 25	0.45	0.00	0.97
Cary 26	0.98	0.00	2.39
Cary 28	0.75	0.00	1.15
Cary 28A	6.25	3.00	6.87
Cary 2A	1.50	1.00	0.50
Cary 2C	1.40	1.00	0.49
Cary 30	5.96	6.00	4.65
Cary 301	0.25	0.00	0.55
Cary 305	0.27	0.00	0.55
Cary 306	0.18	0.00	0.39
Cary 31	2.75	2.00	1.48
Cary 315	1.00	1.00	0.00
Cary 317	4.33	2.00	4.03
Cary 318	0.85	0.00	1.29
Cary 320	0.59	0.00	1.13
Cary 321	1.11	0.00	1.76
Cary 324	0.64	0.00	1.08
Cary 33	1.73	1.00	2.17
Cary 339	13.00	13.00	0.00
Cary 34	3.00	3.00	1.77
Cary 38	2.37	1.00	4.04
Cary 38A	3.00	3.00	0.00
Cary 38B	1.20	1.00	1.20
Cary 42	13.00	12.00	4.63
Cary 44	2.77	1.00	3.99
Cary 999	0.94	0.00	1.34
Cary Ar	0.20	0.00	0.40
Cd-Web	2.92	1.00	6.94
Cell 113	0.00	0.00	0.00
Cell 160	0.57	1.00	0.49
Cell 201	1.46	1.00	1.39
Cell 215	1.00	0.00	1.37
Cell 218	3.86	4.00	2.80
Cell 218E	3.78	3.00	2.48
Cell 222	1.00	1.00	0.00
Cell 224	0.50	0.00	0.96
Cell 2Nd	2.44	2.00	1.78
Cell 2Ndfl	1.18	1.00	0.57
Cell 304A	0.06	0.00	0.24
Cell 308A	0.75	0.00	1.04
Cell 310	1.00	1.00	0.00
Cell 314	8.96	8.00	6.79
Cell 315A	0.19	0.00	0.39
Cell 320	1.13	1.00	1.30
Cell 322	0.36	0.00	0.48
Cell 3Rd	1.46	1.00	2.00
Cell 3Rdfl	5.00	5.00	0.00
Cell 401	4.53	5.00	3.15
Cell 413A	1.56	0.00	2.01
Cell 415A	1.50	1.00	0.50
Cell 4Th	1.50	0.00	2.44
Cell 504	1.00	1.00	0.00
Cell 514	0.88	1.00	0.86
Cell 519A	1.13	1.00	0.93
Cell 526	2.50	2.00	1.74
Cell 5Th	1.80	2.00	0.93
Cell 5Thfl	1.11	1.00	0.79
Cell Hrr	2.50	3.00	0.87
Cell Libr	10.00	7.00	5.96
Cfa 0B	2.67	1.00	3.09
Cfa 102	5.71	6.00	2.91
Cfa 108	1.00	1.00	0.00
Cfa 112	35.05	30.00	33.75
Cfa 117	11.11	14.00	7.72
Cfa 118	7.32	3.00	7.68
Cfa 119	0.20	0.00	0.40
Cfa 123	1.74	1.00	1.62
Cfa 125	1.00	1.00	0.82
Cfa 127	0.00	0.00	0.00
Cfa 129	1.61	1.00	1.74
Cfa 130	0.25	0.00	0.43
Cfa 131	1.17	1.00	1.07
Cfa 13158	1.50	1.00	1.43
Cfa 133	0.50	0.00	1.00
Cfa 135	1.73	1.00	1.78
Cfa 136	14.67	18.00	7.66
Cfa 1362	0.50	0.00	0.87
Cfa 137	0.40	0.00	0.49
Cfa 138	2.90	3.00	1.85
Cfa 139	1.49	1.00	1.52
Cfa 140	3.11	1.00	5.02
Cfa 141	0.91	0.00	1.17
Cfa 142	7.69	1.00	9.92
Cfa 144	20.58	20.00	12.91
Cfa 146	10.29	12.00	8.99
Cfa 170	11.43	1.00	21.08
Cfa 188	1.00	0.00	3.62
Cfa 195	3.56	1.00	4.67
Cfa 201	2.18	2.00	2.41
Cfa 202	0.62	0.00	1.09
Cfa 202D	0.90	1.00	0.94
Cfa 203	7.87	4.00	7.61
Cfa 207	1.00	1.00	1.36
Cfa 207B	2.00	2.00	1.41
Cfa 208	15.81	18.00	5.17
Cfa 209	2.50	2.00	1.12
Cfa 210	11.19	15.00	8.76
Cfa 211	2.00	2.00	0.00
Cfa 212	1.73	1.00	2.21
Cfa 212A	0.88	0.00	1.05
Cfa 212B	0.94	0.00	1.39
Cfa 213	16.35	17.00	5.77
Cfa 214	1.16	1.00	1.42
Cfa 215	12.39	13.00	8.33
Cfa 218	9.61	10.00	7.40
Cfa 219	1.40	1.00	1.28
Cfa 219B	1.67	1.00	0.94
Cfa 220	3.04	2.00	3.66
Cfa 223A	2.00	2.00	1.58
Cfa 225	2.11	1.00	1.76
Cfa 225A	1.04	1.00	1.33
Cfa 226	0.79	0.00	1.11
Cfa 226A	1.25	1.00	1.95
Cfa 226B	2.43	3.00	0.73
Cfa 227	1.64	1.00	2.83
Cfa 227A	0.49	0.00	0.74
Cfa 228	1.68	1.00	2.02
Cfa 228A	1.17	1.00	1.34
Cfa 229	3.44	1.00	6.67
Cfa 229A	1.41	1.00	1.94
Cfa 22A	0.00	0.00	0.00
Cfa 230	1.21	1.00	1.32
Cfa 230A	0.65	0.00	0.99
Cfa 231	0.59	0.00	1.21
Cfa 232	9.07	5.00	9.65
Cfa 235	8.79	6.00	8.94
Cfa 238	1.05	0.00	2.40
Cfa 241	0.13	0.00	0.33
Cfa 242	8.87	8.00	7.62
Cfa 243A	4.00	4.00	0.00
Cfa 244	9.88	8.00	8.71
Cfa 246	5.05	2.00	6.87
Cfa 247	2.33	2.00	1.25
Cfa 248A	1.00	1.00	0.00
Cfa 250	5.00	5.00	2.00
Cfa 251	1.00	1.00	0.00
Cfa 252	5.69	3.00	6.60
Cfa 261	1.00	0.00	1.41
Cfa 265	3.00	1.00	4.27
Cfa 266	2.34	1.00	3.10
Cfa 271	1.25	0.00	2.28
Cfa 272	0.29	0.00	0.57
Cfa 278	5.96	3.00	6.84
Cfa 280	0.25	0.00	0.43
Cfa 284	0.43	0.00	0.49
Cfa 285	14.00	14.00	0.00
Cfa 286	8.73	6.00	8.53
Cfa 287	3.07	2.00	3.09
Cfa 305	1.00	1.00	0.93
Cfa 383	20.00	20.00	0.00
Cfa 555	1.00	1.00	0.00
Cfa 88	4.80	0.00	9.11
Cfa B120	5.75	7.00	3.42
Cfa B13	2.86	2.00	3.13
Cfa B14	9.33	7.00	7.90
Cfa B140	1.00	1.00	0.00
Cfa B146	20.00	20.00	0.00
Cfa B16	6.00	6.00	0.00
Cfa B17	3.44	2.00	4.10
Cfa B170	2.08	0.00	5.80
Cfa B17A	3.24	2.00	3.63
Cfa B18	1.45	1.00	1.23
Cfa B19	1.71	2.00	0.59
Cfa B20	2.00	2.00	0.71
Cfa B21	0.60	0.00	0.80
Cfa B22	0.14	0.00	0.35
Cfa B23	5.09	4.00	4.46
Cfa B24	4.48	2.00	4.47
Cfa B25	3.01	3.00	2.02
Cfa B26	0.88	1.00	0.98
Cfa B27	1.10	1.00	1.17
Cfa B28	1.00	1.00	0.71
Cfa B33	1.22	1.00	1.28
Cfa B34	0.97	1.00	1.19
Cfa B35	1.09	1.00	1.00
Cfa B36	1.00	1.00	0.00
Cfa B37	5.70	3.00	5.84
Cfa B38	5.51	4.00	5.49
Cfa B45	2.45	2.00	2.98
Cfa B52	2.05	2.00	1.77
Cfa B57	0.50	0.00	0.50
Cfa B60	1.00	1.00	0.00
Cfa B71	16.94	17.00	7.01
Cfa B76	5.78	5.00	6.22
Cfa B77	3.40	2.00	3.66
Cfa B81	1.95	1.00	2.04
Cfa B82	7.66	1.00	10.76
Cfa B8288	5.00	5.00	0.00
Cfa B83	7.80	6.00	7.98
Cfa B84	6.46	1.00	9.84
Cfa B8484	0.50	0.00	0.50
Cfa B85	2.24	1.00	4.94
Cfa B86	4.75	5.00	4.32
Cfa B88	7.84	6.00	8.22
Cfa B884	23.50	23.00	4.61
Cfa B89	1.00	1.00	0.00
Cfa B8A	0.60	0.00	1.20
Cfa B91	4.25	2.00	5.00
Cfa B92	5.33	5.00	4.27
Cfa B93	0.43	0.00	0.62
Cft 608	1.00	1.00	0.00
Chldr B075	4.50	4.00	4.50
Clark 04	22.00	21.00	6.20
Clark 07	13.00	13.00	1.31
Clark 10	22.45	21.00	7.90
Clark 105	42.00	42.00	0.00
Clark 117	14.33	14.00	8.27
Clark 205	22.69	21.00	9.00
Clark 301	21.00	21.00	0.00
Clark Pool	10.15	5.00	10.46
Clemen 04	25.63	25.00	14.56
Clemen 06	25.87	26.00	14.30
Clemen 1001	1.37	1.00	1.55
Clemen 1002	5.50	5.00	1.89
Clemen 1003	2.01	1.00	2.12
Clemen 1004	5.07	3.00	5.83
Clemen 1005	1.95	1.00	3.00
Clemen 1006	2.11	1.00	1.45
Clemen 1007	2.79	1.00	2.78
Clemen 1009	1.61	1.00	1.89
Clemen 101	0.75	1.00	0.43
Clemen 1010	0.78	0.00	1.43
Clemen 1010A	1.26	1.00	1.07
Clemen 1010B	2.63	2.00	2.13
Clemen 1010C	1.88	2.00	0.83
Clemen 1010D	2.25	2.00	1.81
Clemen 1010E	1.13	1.00	1.05
Clemen 1011	1.78	1.00	2.29
Clemen 1013	0.70	0.00	1.54
Clemen 1015	0.19	0.00	0.54
Clemen 102	16.06	19.00	7.83
Clemen 1021	2.20	1.00	2.80
Clemen 1023	1.22	0.00	2.31
Clemen 1025	1.26	0.00	2.80
Clemen 1026	9.33	10.00	0.94
Clemen 1028	2.53	1.00	2.73
Clemen 1029	0.00	0.00	0.00
Clemen 103	25.05	25.00	14.08
Clemen 1030	21.57	24.00	6.51
Clemen 1031	1.86	1.00	1.36
Clemen 1032	6.42	6.00	4.90
Clemen 1033	3.33	3.00	1.25
Clemen 1035	0.50	0.00	0.50
Clemen 104	17.45	21.00	7.61
Clemen 106	17.87	21.00	7.19
Clemen 107	17.88	22.00	7.23
Clemen 108	18.26	22.00	7.30
Clemen 117	18.27	22.00	7.33
Clemen 119	25.76	26.00	13.75
Clemen 120	56.71	60.00	30.46
Clemen 123	15.59	19.00	6.93
Clemen 128	21.42	24.00	5.17
Clemen 128A	4.00	5.00	3.35
Clemen 130	6.50	7.00	0.87
Clemen 17	25.50	26.00	14.31
Clemen 19	24.01	24.00	13.90
Clemen 201	11.31	11.00	7.24
Clemen 202	17.92	22.00	7.28
Clemen 203	21.41	21.00	11.86
Clemen 204	19.59	21.00	10.31
Clemen 206	17.87	22.00	7.39
Clemen 215	15.61	19.00	6.97
Clemen 217	15.89	19.00	6.50
Clemen 218	10.90	10.00	8.32
Clemen 219	15.94	19.00	6.95
Clemen 220	17.45	21.00	7.42
Clemen 221	15.70	19.00	6.88
Clemen 222	10.83	9.00	4.56
Clemen 224	4.46	3.00	4.30
Clemen 24	5.00	5.00	0.00
Clemen 244	0.00	0.00	0.00
Clemen 300	7.50	4.00	7.30
Clemen 301	2.10	1.00	2.36
Clemen 302	6.31	2.00	12.37
Clemen 303	19.39	5.00	36.77
Clemen 305	1.00	1.00	0.00
Clemen 306	1.90	0.00	7.49
Clemen 307	9.25	10.00	7.05
Clemen 309	4.67	2.00	6.54
Clemen 311	2.70	0.00	6.45
Clemen 313	2.00	1.00	1.22
Clemen 315	0.02	0.00	0.13
Clemen 317	8.00	8.00	3.00
Clemen 318	3.17	2.00	4.34
Clemen 319	1.34	0.00	2.46
Clemen 320	1.25	0.00	2.20
Clemen 321	1.53	1.00	1.54
Clemen 322	34.06	35.00	19.58
Clemen 323	0.17	0.00	0.56
Clemen 324	1.00	1.00	0.00
Clemen 325	0.44	0.00	0.96
Clemen 333	1.00	1.00	0.00
Clemen 344	1.00	1.00	0.00
Clemen 401	1.94	1.00	2.45
Clemen 403	0.82	0.00	1.41
Clemen 405	0.54	0.00	1.08
Clemen 407	0.73	0.00	1.25
Clemen 409	1.01	0.00	1.63
Clemen 410	2.55	1.00	5.51
Clemen 41000	1.00	1.00	0.00
Clemen 411	1.30	0.00	1.91
Clemen 412	7.77	6.00	6.98
Clemen 413	0.13	0.00	0.37
Clemen 415	0.47	0.00	1.03
Clemen 41O	0.67	0.00	1.11
Clemen 427	0.38	0.00	0.66
Clemen 429	0.58	0.00	1.22
Clemen 430	1.33	1.00	0.47
Clemen 431	0.39	0.00	0.78
Clemen 433	0.37	0.00	0.72
Clemen 435	0.48	0.00	1.00
Clemen 436	8.41	6.00	8.86
Clemen 437	0.49	0.00	0.78
Clemen 438	6.22	2.00	7.79
Clemen 439	0.99	0.00	1.67
Clemen 441	0.05	0.00	0.21
Clemen 501	1.01	0.00	1.72
Clemen 503	0.92	0.00	1.42
Clemen 505	1.29	0.00	1.91
Clemen 506	3.20	1.00	4.53
Clemen 507	0.72	0.00	1.28
Clemen 509	0.67	0.00	1.07
Clemen 511	0.68	0.00	1.66
Clemen 513	0.49	0.00	2.07
Clemen 515	0.26	0.00	0.51
Clemen 520	0.25	0.00	0.43
Clemen 531	0.57	0.00	1.14
Clemen 533	0.62	0.00	1.05
Clemen 535	0.05	0.00	0.27
Clemen 537	1.40	0.00	2.16
Clemen 538	5.59	4.00	5.13
Clemen 539	0.84	0.00	1.41
Clemen 540	1.57	1.00	2.47
Clemen 541	1.22	0.00	1.65
Clemen 543	0.21	0.00	0.57
Clemen 545	0.83	0.00	1.26
Clemen 549	1.00	1.00	0.00
Clemen 601	5.00	5.00	0.00
Clemen 606	1.89	0.00	4.09
Clemen 607	0.00	0.00	0.00
Clemen 608	3.55	1.00	6.37
Clemen 610	3.81	2.00	4.61
Clemen 612	0.73	0.00	0.93
Clemen 615	0.68	0.00	2.74
Clemen 618	1.50	1.00	1.50
Clemen 631	1.23	0.00	1.40
Clemen 632	0.14	0.00	0.35
Clemen 633	0.87	0.00	1.50
Clemen 634	0.14	0.00	0.35
Clemen 635	1.21	0.00	2.38
Clemen 637	1.53	1.00	1.78
Clemen 638	0.54	0.00	0.74
Clemen 639	1.86	1.00	1.93
Clemen 640	5.38	4.00	5.60
Clemen 641	1.33	1.00	1.46
Clemen 643	0.86	0.00	1.29
Clemen 645	0.97	0.00	1.59
Clemen 683	3.00	3.00	0.00
Clemen 703	1.00	1.00	0.00
Clemen 705	0.50	0.00	0.50
Clemen 706	3.17	2.00	2.61
Clemen 707	2.00	2.00	1.00
Clemen 708	4.33	3.00	4.95
Clemen 709	0.84	0.00	2.15
Clemen 711	0.65	0.00	0.80
Clemen 712	0.50	0.00	1.38
Clemen 712A	1.71	1.00	1.60
Clemen 712B	1.27	1.00	1.29
Clemen 713	0.51	0.00	0.81
Clemen 714	4.37	2.00	5.45
Clemen 715	0.48	0.00	0.73
Clemen 718	4.00	4.00	4.00
Clemen 725	1.00	1.00	0.00
Clemen 728	0.83	0.00	1.67
Clemen 729	3.00	3.00	0.82
Clemen 732	0.16	0.00	0.87
Clemen 732B	2.00	2.00	0.00
Clemen 733	1.00	1.00	0.00
Clemen 734	2.10	0.00	3.33
Clemen 734A	0.79	0.00	1.75
Clemen 734B	14.00	14.00	0.00
Clemen 735	0.67	1.00	0.47
Clemen 736A	1.39	0.00	2.50
Clemen 736B	1.58	0.00	2.75
Clemen 737	1.25	1.00	0.43
Clemen 738	1.40	1.00	0.80
Clemen 739	0.50	0.00	0.81
Clemen 740	3.00	2.00	2.31
Clemen 744	3.69	4.00	1.81
Clemen 809	1.80	2.00	0.75
Clemen 810	0.50	0.00	0.50
Clemen 830	2.00	1.00	2.16
Clemen 838	1.50	1.00	0.50
Clemen 901	0.76	0.00	2.56
Clemen 902	1.69	0.00	2.82
Clemen 903	0.24	0.00	0.50
Clemen 904	0.49	0.00	0.90
Clemen 905	0.70	0.00	0.90
Clemen 907	0.76	0.00	1.00
Clemen 909	0.15	0.00	0.36
Clemen 910	1.01	1.00	1.37
Clemen 911	1.00	1.00	0.00
Clemen 915	0.40	0.00	0.49
Clemen 923	0.20	0.00	0.40
Clemen 924	1.73	1.00	2.95
Clemen 924A	3.67	3.00	1.70
Clemen 925	10.33	10.00	6.42
Clemen 927	0.08	0.00	0.28
Clemen 930	5.94	2.00	7.49
Clemen 933	1.00	1.00	1.00
Clemen 935	0.61	0.00	0.83
Clemen 936	5.93	4.00	7.01
Clemen 938	3.37	3.00	2.32
Coe 306-B	6.33	6.00	2.13
Coe B1153	4.33	4.00	1.25
Coe B1306	3.00	3.00	3.00
Coe B2305	0.00	0.00	0.00
Coe B3101	1.50	1.00	1.12
Coe B3105	0.93	0.00	1.13
Coe B3109	0.41	0.00	0.61
Coe B3113	1.22	1.00	1.22
Coe B3301	1.44	1.00	1.36
Coe B3304	1.58	2.00	1.04
Coe B3313	0.00	0.00	0.00
Coe B4319	1.50	1.00	0.50
Comput 315	8.50	8.00	6.50
Cooke 107	0.50	0.00	0.71
Cooke 109	4.04	1.00	5.63
Cooke 110	0.40	0.00	0.49
Cooke 112	2.63	2.00	1.41
Cooke 114	12.64	10.00	11.58
Cooke 121	89.50	84.00	68.07
Cooke 126	2.10	1.00	3.71
Cooke 127A	24.52	25.00	11.86
Cooke 127B	34.71	33.00	19.04
Cooke 13	0.80	0.00	1.60
Cooke 130	2.00	2.00	0.00
Cooke 15	12.97	13.00	8.17
Cooke 210	19.07	21.00	7.01
Cooke 211A	0.75	0.00	1.93
Cooke 212	1.50	1.00	1.12
Cooke 214	5.00	5.00	4.00
Cooke 216	0.77	0.00	1.18
Cooke 218	19.53	23.00	12.40
Cooke 219	19.60	2.00	35.71
Cooke 220	3.50	3.00	2.06
Cooke 221	2.02	1.00	3.05
Cooke 222	56.27	48.00	44.61
Cooke 223	2.54	0.00	4.40
Cooke 225	7.93	1.00	22.78
Cooke 227	2.79	0.00	8.51
Cooke 229	2.81	1.00	4.33
Cooke 231	5.60	1.00	10.21
Cooke 237	5.00	5.00	4.00
Cooke 239	12.80	19.00	8.97
Cooke 244	1.13	0.00	1.54
Cooke 247	0.66	0.00	0.96
Cooke 248	20.56	21.00	19.74
Cooke 308	1.17	0.00	2.74
Cooke 309	6.64	0.00	23.95
Cooke 310	0.30	0.00	0.64
Cooke 311	3.30	0.00	15.83
Cooke 312	0.50	0.00	0.73
Cooke 313	0.40	0.00	0.61
Cooke 316	0.25	0.00	0.43
Cooke 317	0.44	0.00	1.46
Cooke 321	7.00	7.00	0.00
Cooke 327	0.30	0.00	0.51
Cooke 329	1.16	0.00	2.90
Cooke 331	89.00	89.00	0.00
Cooke 334	1.16	1.00	1.15
Cooke 336	1.19	0.00	2.84
Cooke 337	0.00	0.00	0.00
Cooke 341	0.95	0.00	1.55
Cooke 343	0.11	0.00	0.31
Cooke 345	0.20	0.00	0.40
Cooke 347	0.20	0.00	0.40
Cooke 353	0.49	0.00	0.99
Cooke 354	0.84	1.00	0.94
Cooke 355	0.75	0.00	1.58
Cooke 357	1.33	1.00	0.67
Cooke 370	1.43	0.00	3.44
Cooke 371	8.32	8.00	5.15
Cooke 372	1.39	1.00	1.24
Cooke 375	2.00	2.00	0.00
Cooke 377	0.00	0.00	0.00
Cooke 414	0.85	1.00	0.97
Cooke 415	1.00	1.00	0.00
Cooke 416	1.40	1.00	0.49
Cooke 419	1.71	1.00	1.03
Cooke 427	1.00	1.00	0.00
Cooke 429	0.43	0.00	0.79
Cooke 429A	1.00	1.00	0.00
Cooke 429B	0.00	0.00	0.00
Cooke 430	2.25	2.00	0.83
Cooke 431	2.00	2.00	0.00
Cooke 433	0.56	0.00	1.34
Cooke 434	15.49	13.00	11.24
Cooke 435	4.23	3.00	3.94
Cooke 436	0.00	0.00	0.00
Cooke 447B	0.00	0.00	0.00
Cooke 450	0.00	0.00	0.00
Cooke 453	0.54	0.00	1.60
Cooke 455	0.07	0.00	0.26
Cooke 457	0.59	0.00	0.78
Cooke 459	0.58	0.00	0.64
Cooke 508	8.30	3.00	10.26
Cooke 509	0.00	0.00	0.00
Cooke 513	0.67	0.00	1.40
Cooke 514	4.08	4.00	2.10
Cooke 514C	6.50	8.00	2.57
Cooke 517	15.73	11.00	17.53
Cooke 521	0.33	0.00	0.47
Cooke 523	10.35	8.00	8.22
Cooke 524	15.32	12.00	11.51
Cooke 539	0.00	0.00	0.00
Cooke 540	1.13	0.00	2.15
Cooke 542	3.64	3.00	2.77
Cooke 543	6.50	6.00	5.50
Cooke 545	0.96	1.00	0.98
Cooke 547	0.50	0.00	0.50
Cooke 556	2.00	2.00	0.00
Cooke 559	1.00	1.00	0.00
Cooke 607	0.71	0.00	1.32
Cooke 608	0.51	0.00	1.18
Cooke 610	0.00	0.00	0.00
Cooke 611	1.24	1.00	1.30
Cooke 613	1.27	1.00	1.39
Cooke 615	2.10	1.00	1.95
Cooke 619	0.72	0.00	1.10
Cooke 624	0.60	0.00	0.80
Cooke 625	0.73	0.00	1.27
Cooke 627	4.33	6.00	2.36
Cooke 628	1.67	2.00	0.47
Cooke 635	1.22	1.00	1.24
Cooke 637	0.65	0.00	1.34
Cooke 639	0.82	0.00	1.15
Cooke 641	0.41	0.00	1.02
Cooke 648	0.78	0.00	1.12
Cooke 651	4.22	1.00	6.32
Cooke 653	0.72	0.00	1.43
Cooke 655	2.10	0.00	3.54
Cooke 656	1.00	1.00	0.00
Cooke 657	0.37	0.00	1.80
Cooke 659	21.00	16.00	20.99
Cooke 661	0.53	0.00	1.05
Cooke 663	0.55	0.00	0.83
Cooke 666	0.87	0.00	1.41
Cooke 670	1.00	1.00	0.00
Cooke B82	1.00	1.00	0.00
Cooke C229	2.00	2.00	0.00
Cooke C371	11.75	12.00	2.28
Cooke C414	3.00	3.00	1.00
Cooke C417	1.67	1.00	0.94
Cooke C419	1.00	1.00	0.00
Cooke C427	1.00	1.00	0.00
Cooke C429A	3.00	3.00	0.00
Cooke C430	3.50	3.00	0.50
Cooke C431A	2.00	2.00	0.00
Cooke C433	1.50	0.00	2.14
Cooke C434	1.00	1.00	0.00
Cooke C439	1.00	1.00	0.00
Cooke C455	1.00	1.00	0.00
Cooke C459	1.00	1.00	0.00
Cooke C523	7.00	7.00	0.00
Crltn 223	1.57	2.00	1.05
Crltn 235	1.50	1.00	1.50
Crltn 302	0.00	0.00	0.00
Crltn 304	0.00	0.00	0.00
Crltn 318	0.00	0.00	0.00
Crltn 322	0.00	0.00	0.00
Crltn 343	0.33	0.00	0.47
Crltn 3Rd	0.86	0.00	1.73
Crltn 3Rdfl	0.68	0.00	1.05
Crltn 401	0.57	0.00	0.73
Crltn 417	6.25	2.00	7.03
Crltn 422	0.00	0.00	0.00
Crltn 457	0.18	0.00	0.38
Crltn 467	1.25	1.00	0.43
Crltn 483	1.00	1.00	0.82
Crltn 4Th	0.00	0.00	0.00
Crltn A-343	0.00	0.00	0.00
Crltn A311	0.17	0.00	0.37
Crofts 310E	1.00	1.00	0.00
Crofts 314	0.00	0.00	0.00
Crosby 01	39.33	37.00	32.29
Crosby 101	18.44	16.00	6.87
Crosby 108	1.00	1.00	0.00
Crosby 110	14.25	14.00	6.31
Crosby 115	11.83	13.00	5.96
Crosby 120	11.83	13.00	6.96
Crosby 125	10.58	8.00	9.67
Crosby 130	30.74	20.00	33.34
Crosby 132	1.00	1.00	0.00
Crosby 140	12.43	13.00	7.41
Crosby 145	10.44	9.00	7.63
Crosby 150	11.53	9.00	10.92
Crosby 152	10.00	10.00	0.00
Crosby 160	11.42	13.00	7.90
Crosby 201	22.26	15.00	21.37
Crosby 205	14.30	10.00	18.07
Crosby 210	14.67	16.00	5.68
Crosby 215	11.05	14.00	6.64
Crosby 220	11.52	13.00	5.96
Crosby 225	10.88	12.00	6.21
Crosby 230	11.32	10.00	5.94
Crosby 235	14.68	14.00	15.43
Crosby 240	12.31	15.00	6.39
Crosby 250	11.23	10.00	12.41
Crosby 301	34.61	20.00	28.95
Crosby 305	10.88	12.00	11.49
Crosby 310	10.04	8.00	12.14
Crosby 315	7.25	6.00	5.83
Crosby 320	6.84	5.00	6.48
Crosby 322	6.10	1.00	7.60
Crosby 323	0.70	0.00	0.95
Crosby 324	2.00	2.00	0.82
Crosby 325	1.33	1.00	1.25
Crosby 326	0.53	0.00	1.04
Crosby 327	2.00	2.00	1.26
Crosby 328	0.31	0.00	0.53
Crosby 330	12.29	11.00	8.52
Crosby 335	9.26	11.00	4.85
Crosby 340	9.00	9.00	4.90
Crosby 350	9.62	11.00	6.49
Crosby 40	17.75	20.00	11.02
Crosby 41	12.86	12.00	8.04
Crosby 45	31.92	29.00	15.98
Crosby 50	1.33	1.00	0.47
Crosby 52	17.50	18.00	14.74
Crosby 52R	15.00	15.00	0.00
Crosby 55	10.75	2.00	14.58
Crosby 60	9.00	9.00	0.00
Cryst 104	1.00	1.00	0.00
Cryst 107	0.13	0.00	0.33
Cryst 110	4.75	4.00	4.76
Cryst 1St	1.00	1.00	0.00
Cryst 200	3.65	4.00	3.32
Cryst 203	0.00	0.00	0.00
Cryst 204	1.50	2.00	1.12
Cryst 209	1.50	1.00	0.50
Cryst 215	3.00	2.00	2.40
Cryst 217	1.67	0.00	2.62
Cryst 217A	2.50	2.00	1.50
Cryst 221	0.17	0.00	0.37
Cryst 2Nd	5.50	5.00	4.50
Cryst 2Ndfl	4.86	4.00	3.64
Cryst Conf	5.11	4.00	3.90
Davis 101	78.23	75.00	45.94
Davis 113A	6.12	1.00	11.19
Davis 338A	15.25	16.00	3.27
Dfn 02	51.66	54.00	30.69
Dfn 04	29.54	28.00	19.38
Dfn 05	29.10	31.00	17.78
Dfn 06	22.99	20.00	18.74
Dfn 07	23.91	20.00	15.50
Dfn 08	32.93	26.00	23.88
Dfn 09	23.29	28.00	7.94
Dfn 103	21.83	22.00	14.28
Dfn 104	18.51	19.00	12.48
Dfn 105	14.48	10.00	14.53
Dfn 111	6.08	2.00	5.91
Dfn 112	1.00	1.00	0.00
Dfn 114	1.44	1.00	1.82
Dfn 118	1.67	1.00	0.94
Dfn 124	1.63	2.00	0.48
Dfn 135	1.22	1.00	0.42
Dfn 136	1.15	1.00	0.36
Dfn 137	1.00	1.00	0.00
Dfn 139	1.00	1.00	0.00
Dfn 146	73.41	68.00	56.33
Dfn 147	150.82	113.00	116.59
Dfn 148	76.77	78.00	54.88
Dfn 202	22.39	23.00	15.57
Dfn 203	43.24	42.00	31.87
Dfn 205	18.75	19.00	13.26
Dfn 206	16.14	15.00	12.22
Dfn 207	13.15	11.00	12.07
Dfn 208	13.91	13.00	11.41
Dfn 211	1.67	1.00	0.79
Dfn 212	1.21	1.00	0.41
Dfn 213	1.00	1.00	0.00
Dfn 214	1.21	1.00	0.41
Dfn 216	1.00	1.00	0.00
Dfn 217	1.70	1.00	0.91
Dfn 218	1.78	1.00	1.23
Dfn 219	1.00	1.00	0.00
Dfn 222	1.19	1.00	0.81
Dfn 223	1.00	1.00	0.00
Dfn 224	2.38	2.00	1.11
Dfn 229	1.22	1.00	0.63
Dfn 230	1.00	1.00	0.00
Dfn 231	1.25	1.00	0.70
Dfn 232	1.30	1.00	1.00
Dfn 233	1.00	1.00	0.00
Dfn 234	1.10	1.00	0.94
Dfn 25	7.00	7.00	0.00
Dfn 30	26.08	27.00	4.66
Dfn 302	16.69	17.00	10.73
Dfn 303	19.88	20.00	11.51
Dfn 304	21.53	22.00	11.04
Dfn 305	18.08	21.00	7.62
Dfn 306	19.50	20.00	12.15
Dfn 307	21.47	22.00	12.33
Dfn 308	3.80	4.00	1.33
Dfn 311	1.00	1.00	0.00
Dfn 312	1.00	1.00	0.00
Dfn 317	1.31	1.00	0.46
Dfn 318	1.00	1.00	0.00
Dfn 320	1.00	1.00	0.00
Dfn 321	1.80	1.00	1.17
Dfn 322	4.50	4.00	0.50
Dfn 323	1.50	1.00	0.50
Dfn 324	2.20	1.00	1.72
Dfn 329	1.00	1.00	0.00
Dfn 330	1.25	1.00	0.43
Dfn 331	1.00	1.00	0.00
Dfn 332	2.00	1.00	1.22
Dfn 333	1.24	1.00	0.42
Dfn 7/8	12.25	14.00	7.66
Dfn 704	30.00	30.00	0.00
Dfn A25	6.83	6.00	2.34
Dfn_A 08	27.41	29.00	7.10
Dfn_A 09	21.22	22.00	7.99
Dfn_A 10	22.65	22.00	6.13
Dfn_A 25	7.53	7.00	2.99
Dfn_A 25D	9.00	9.00	0.00
Dfn_A 30	28.85	23.00	15.26
Dfn_A 620	0.10	0.00	0.30
Digita	322.67	318.00	112.90
Dislng	15.20	8.00	25.04
Dorshe 107	1.20	1.00	1.08
Dorshe 107A	0.68	0.00	1.09
Dorshe 108	5.80	6.00	3.67
Dorshe 109	1.42	1.00	2.21
Dorshe 197	1.00	1.00	0.00
Ec_Med 371	3.50	2.00	2.87
Ec_Med 999	1.00	1.00	0.00
Ec_Med Ar	1.00	1.00	0.00
Ec_Med P164	0.33	0.00	0.58
FURNAS 203A	0.02	0.00	0.14
Farb_A 01	1.67	1.00	0.85
Farb_A 05	1.67	2.00	0.47
Farb_A 245	1.50	1.00	0.50
Farb_A 255	0.95	1.00	0.76
Farb_A 31	1.44	1.00	1.47
Farber 01	0.42	0.00	0.94
Farber 02	1.20	1.00	1.22
Farber 05	1.00	1.00	0.00
Farber 07	0.78	1.00	0.79
Farber 09	0.55	1.00	0.50
Farber 10	0.50	0.00	0.80
Farber 102	0.06	0.00	0.32
Farber 104	71.69	66.00	55.71
Farber 108	1.00	1.00	0.55
Farber 109	0.40	0.00	0.49
Farber 11	1.00	1.00	0.87
Farber 110	0.40	0.00	0.66
Farber 111	1.05	1.00	0.90
Farber 112	2.42	2.00	1.82
Farber 113	2.00	2.00	1.11
Farber 116	0.17	0.00	0.48
Farber 118	2.57	2.00	2.66
Farber 118A	1.00	1.00	0.00
Farber 119	1.14	1.00	0.83
Farber 122	1.47	1.00	0.98
Farber 124	6.73	5.00	5.99
Farber 127	0.25	0.00	0.60
Farber 130	1.00	1.00	0.00
Farber 132	17.33	15.00	3.30
Farber 134	15.15	18.00	9.40
Farber 134B	21.04	20.00	14.49
Farber 136	3.90	1.00	5.69
Farber 138	0.00	0.00	0.00
Farber 140	4.82	2.00	7.82
Farber 144	54.82	55.00	48.41
Farber 145	8.00	9.00	1.41
Farber 150	75.67	70.00	74.20
Farber 160	2.17	1.00	2.07
Farber 162	0.66	0.00	1.88
Farber 162A	1.53	1.00	1.63
Farber 167	3.71	3.00	2.49
Farber 168	0.14	0.00	0.35
Farber 172	8.00	8.00	0.00
Farber 180	5.70	3.00	7.03
Farber 181	11.50	11.00	11.50
Farber 182	10.25	5.00	12.61
Farber 204	1.00	1.00	0.00
Farber 206	2.76	3.00	2.67
Farber 21	3.00	3.00	1.58
Farber 210	1.33	1.00	0.47
Farber 212	0.56	0.00	0.63
Farber 221C	13.14	13.00	2.72
Farber 23	1.50	1.00	1.50
Farber 233	0.38	0.00	0.48
Farber 24	0.22	0.00	0.42
Farber 240	4.34	2.00	5.68
Farber 242	0.11	0.00	0.40
Farber 242A2	0.00	0.00	0.00
Farber 243	0.03	0.00	0.18
Farber 244	0.27	0.00	0.64
Farber 245	0.33	0.00	0.96
Farber 246	0.07	0.00	0.35
Farber 247	0.15	0.00	0.47
Farber 249	0.30	0.00	0.60
Farber 249A	0.02	0.00	0.15
Farber 25	2.85	1.00	3.38
Farber 250	0.09	0.00	0.34
Farber 252	4.62	2.00	6.25
Farber 252-A	0.57	0.00	2.06
Farber 252A	7.71	7.00	4.76
Farber 252A1	0.21	0.00	0.60
Farber 252A2	0.04	0.00	0.20
Farber 252D	0.44	0.00	0.50
Farber 253	2.00	2.00	0.00
Farber 255	0.19	0.00	0.57
Farber 264B	0.00	0.00	0.00
Farber 268	3.00	3.00	0.00
Farber 268B	1.00	1.00	0.00
Farber 268D	0.50	0.00	0.63
Farber 268E	2.00	2.00	0.00
Farber 268F	0.07	0.00	0.25
Farber 268H	0.14	0.00	0.41
Farber 268L	0.16	0.00	0.36
Farber 270	2.00	2.00	0.00
Farber 270D	2.50	3.00	1.50
Farber 270F	0.32	0.00	0.68
Farber 271	0.15	0.00	0.39
Farber 272	0.25	0.00	0.52
Farber 273	1.92	1.00	2.66
Farber 273A	0.53	0.00	0.85
Farber 274	0.50	0.00	0.79
Farber 275	0.82	0.00	1.75
Farber 277	0.26	0.00	0.59
Farber 306	4.49	5.00	2.07
Farber 31	11.66	13.00	7.71
Farber 311	110.50	111.00	28.94
Farber 312	1.25	0.00	2.80
Farber 317	2.50	2.00	1.38
Farber 32671	0.00	0.00	0.00
Farber 34	3.00	3.00	0.00
Farber 358	3.89	3.00	3.63
Farber 359	4.33	4.00	3.55
Farber 56	0.57	0.00	0.73
Farber 626	86.00	86.00	1.00
Farber 90	0.27	0.00	0.44
Farber 96	5.00	5.00	0.00
Farber 97	3.47	2.00	4.19
Farber C160A	1.00	1.00	0.00
Farber G-26	46.14	17.00	48.03
Farber G090	18.00	17.00	1.55
Farber G10	0.30	0.00	0.46
Farber G23	1.00	1.00	0.00
Farber G25	4.50	4.00	0.50
Farber G26	53.75	32.00	52.90
Farber G31	14.53	15.00	6.27
Farber G56	0.46	0.00	1.28
Farber G90	12.95	16.00	6.62
Farber G96	0.92	1.00	0.83
Farber G97	1.00	1.00	0.00
Fargo 101	0.75	1.00	0.43
Fargo 101C	4.16	2.00	5.22
Fargo 102	2.00	2.00	1.00
Fargo 103	6.57	6.00	4.84
Fargo 106	9.60	5.00	10.24
Fargo 109	25.96	8.00	32.10
Fargo 110	30.56	17.00	31.40
Fargo 112	18.63	19.00	6.98
Fargo 116	21.50	24.00	12.46
Filmor 102	11.76	13.00	8.82
Filmor 118	22.00	22.00	0.00
Filmor 120	7.13	5.00	6.77
Filmor 123	6.81	6.00	3.99
Filmor 157	16.50	16.00	1.50
Filmor 158	12.40	13.00	6.65
Filmor 167	10.00	7.00	5.34
Filmor 170	91.15	82.00	65.03
Filmor 175	2.00	2.00	0.00
Filmor 218	10.33	6.00	7.59
Filmor 250	1.00	1.00	0.00
Filmor 251	1.62	0.00	3.68
Filmor 251A	2.26	1.00	2.20
Filmor 260	1.19	1.00	1.22
Filmor 261	6.92	5.00	6.10
Filmor 262	1.41	1.00	1.61
Filmor 278	12.00	12.00	0.00
Filmor 316	20.16	19.00	9.22
Filmor 317	15.45	15.00	10.12
Filmor 318	46.00	46.00	0.00
Filmor 319	15.81	16.00	10.28
Filmor 320	28.10	22.00	17.74
Filmor 322	22.20	18.00	17.83
Filmor 325	14.50	13.00	10.51
Filmor 327	17.27	16.00	10.04
Filmor 328	14.48	14.00	9.65
Filmor 332	1.33	0.00	1.83
Filmor 333	0.56	0.00	0.80
Filmor 334	0.15	0.00	0.36
Filmor 335	0.10	0.00	0.30
Filmor 336	1.12	0.00	1.72
Filmor 337	1.88	1.00	2.14
Filmor 338	0.38	0.00	0.65
Filmor 339	0.27	0.00	0.44
Filmor 340	3.67	3.00	2.49
Filmor 341	0.63	0.00	1.32
Filmor 342	0.36	0.00	0.61
Filmor 343	3.41	1.00	4.71
Filmor 344	0.82	0.00	1.27
Filmor 347	0.00	0.00	0.00
Filmor 347A	0.15	0.00	0.36
Filmor 348	4.50	2.00	5.59
Filmor 349	6.00	6.00	0.00
Filmor 351	15.48	15.00	10.43
Filmor 352	13.48	12.00	9.44
Filmor 354	11.14	10.00	7.68
Filmor 355	30.89	27.00	20.80
Filmor 357	32.27	27.00	18.82
Filmor 360	11.29	10.00	8.40
Filmor 362	1.73	1.00	1.71
Filmor 363	0.50	0.00	0.67
Filmor 365	1.32	1.00	1.27
Filmor 366	0.38	0.00	0.48
Filmor 367	1.21	1.00	0.89
Filmor 369	1.00	1.00	0.00
Filmor 370	0.45	0.00	0.73
Filmor 372	1.60	1.00	1.67
Filmor 375	0.59	0.00	0.83
Filmor 376	0.86	1.00	1.03
Filmor 377	1.66	1.00	1.59
Filmor 380	1.14	1.00	1.59
Filmor Tba	2.00	2.00	0.00
Foster 109	0.66	0.00	2.30
Foster 115	0.44	0.00	0.71
Foster 116	0.00	0.00	0.00
Foster 117	0.30	0.00	0.60
Foster 135	0.54	0.00	0.90
Foster 211	0.85	1.00	0.88
Foster 215	7.90	5.00	8.10
Foster 223	0.00	0.00	0.00
Foster 304	0.13	0.00	0.33
Foster 310	0.89	0.00	1.16
Foster 314	0.00	0.00	0.00
Foster 318	2.76	1.00	5.08
Foster 320	1.00	1.00	0.00
Foster 340	0.00	0.00	0.00
Foster 40	0.47	0.00	0.90
Foster B36	1.20	1.00	0.75
Foster B40	0.20	0.00	0.40
Foster Tbd	10.50	13.00	8.56
Frnczk 101	1.00	1.00	0.00
Frnczk 103	1.00	1.00	0.00
Frnczk 125	3.33	1.00	4.03
Frnczk 126	1.37	0.00	2.79
Frnczk 128	0.04	0.00	0.20
Frnczk 129	2.38	2.00	1.32
Frnczk 129A	1.67	2.00	1.25
Frnczk 130	0.20	0.00	0.48
Frnczk 132	0.40	0.00	0.70
Frnczk 134	2.25	2.00	0.83
Frnczk 136	0.26	0.00	0.61
Frnczk 137	2.00	2.00	1.00
Frnczk 138A	3.29	5.00	1.98
Frnczk 139	1.55	1.00	1.12
Frnczk 140	2.82	3.00	1.04
Frnczk 141	2.50	2.00	1.50
Frnczk 142	3.16	3.00	1.95
Frnczk 149	3.00	3.00	1.00
Frnczk 150	2.00	2.00	0.00
Frnczk 200	13.64	15.00	4.72
Frnczk 201	0.24	0.00	0.51
Frnczk 201A	0.21	0.00	0.80
Frnczk 203	0.22	0.00	0.62
Frnczk 203B	0.00	0.00	0.00
Frnczk 204	5.00	5.00	0.00
Frnczk 205	0.04	0.00	0.21
Frnczk 205A	3.00	3.00	1.00
Frnczk 206	16.21	19.00	8.53
Frnczk 209	1.17	1.00	1.05
Frnczk 210A	0.00	0.00	0.00
Frnczk 211	2.50	2.00	0.50
Frnczk 217	1.67	1.00	1.11
Frnczk 219	13.92	12.00	8.74
Frnczk 221	88.88	102.00	58.19
Frnczk 222	1.00	1.00	0.00
Frnczk 223	17.74	0.00	43.15
Frnczk 225	1.00	0.00	1.64
Frnczk 226A	1.00	1.00	0.00
Frnczk 227	0.11	0.00	0.31
Frnczk 228	8.21	6.00	6.43
Frnczk 229	0.22	0.00	0.42
Frnczk 231	2.20	2.00	0.75
Frnczk 237	1.67	2.00	0.47
Frnczk 242	3.17	3.00	2.48
Frnczk 242E	2.50	2.00	1.50
Frnczk 245	7.32	7.00	4.80
Frnczk 245G	10.00	10.00	0.00
Frnczk 246	6.13	6.00	3.53
Frnczk 246A	4.50	4.00	1.50
Frnczk 246G	4.00	4.00	0.00
Frnczk 247	0.18	0.00	0.46
Frnczk 251	1.00	1.00	0.00
Frnczk 255	0.06	0.00	0.24
Frnczk 257	0.94	0.00	1.14
Frnczk 259	0.73	0.00	0.99
Frnczk 261	0.77	0.00	1.04
Frnczk 265	1.37	1.00	1.19
Frnczk 300	25.15	27.00	4.00
Frnczk 301	0.00	0.00	0.00
Frnczk 303	0.36	0.00	1.03
Frnczk 304	18.91	21.00	6.42
Frnczk 305	2.07	1.00	2.14
Frnczk 306	21.19	24.00	5.44
Frnczk 307	1.04	0.00	1.36
Frnczk 307A	0.63	0.00	1.02
Frnczk 308	23.35	26.00	6.21
Frnczk 309	0.87	0.00	1.15
Frnczk 311	7.15	7.00	3.87
Frnczk 313	2.86	3.00	1.25
Frnczk 315	3.31	3.00	1.45
Frnczk 317	2.50	2.00	1.50
Frnczk 323	1.25	0.00	1.72
Frnczk 324	18.84	23.00	8.42
Frnczk 325	0.91	1.00	1.02
Frnczk 326	18.27	22.00	6.00
Frnczk 327	0.10	0.00	0.29
Frnczk 327A	0.28	0.00	0.52
Frnczk 329	1.14	1.00	1.22
Frnczk 333	1.04	1.00	0.77
Frnczk 335	0.83	1.00	0.76
Frnczk 336	12.76	12.00	6.16
Frnczk 336F	11.00	11.00	0.00
Frnczk 339	0.27	0.00	0.63
Frnczk 339A	0.00	0.00	0.00
Frnczk 340	6.88	5.00	5.86
Frnczk 341	13.51	12.00	8.61
Frnczk 343	1.86	1.00	2.10
Frnczk 345	72.00	72.00	0.00
Frnczk 352	14.17	17.00	5.47
Frnczk 352B	12.06	15.00	6.86
Frnczk 405	0.68	0.00	1.11
Frnczk 407	0.19	0.00	0.61
Frnczk 408	5.20	0.00	9.06
Frnczk 411	2.00	2.00	2.00
Frnczk 414	1.88	0.00	3.55
Frnczk 415	0.52	0.00	1.13
Frnczk 415A	0.07	0.00	0.26
Frnczk 419	3.00	3.00	1.00
Frnczk 420	0.54	0.00	1.47
Frnczk 421	0.22	0.00	0.60
Frnczk 422	32.38	30.00	18.91
Frnczk 423	0.91	0.00	1.44
Frnczk 424	7.61	8.00	6.45
Frnczk 425	0.20	0.00	0.53
Frnczk 426	0.93	0.00	1.43
Frnczk 427	0.58	0.00	1.05
Frnczk 429	0.00	0.00	0.00
Frnczk 431	1.76	0.00	2.71
Frnczk 432	1.00	1.00	0.00
Frnczk 433	0.28	0.00	0.72
Frnczk 435	0.59	0.00	1.10
Frnczk 437	0.14	0.00	0.44
Frnczk 439	0.33	0.00	0.74
Frnczk 441	0.27	0.00	0.70
Frnczk 443	0.11	0.00	0.35
Frnczk 444	2.16	0.00	4.28
Frnczk 445	0.36	0.00	0.82
Frnczk 447	0.22	0.00	0.53
Frnczk 449	0.45	0.00	1.04
Frnczk 451	0.84	0.00	1.35
Frnczk 452	0.00	0.00	0.00
Frnczk 453	0.52	0.00	0.89
Frnczk 454	33.93	29.00	21.81
Furnas 1003	0.66	0.00	0.87
Furnas 1004	0.56	0.00	1.35
Furnas 1005	3.21	1.00	6.36
Furnas 1006	1.97	1.00	2.71
Furnas 1007	1.93	1.00	2.84
Furnas 1008	0.00	0.00	0.00
Furnas 1009	1.17	1.00	1.61
Furnas 101	1.50	1.00	1.62
Furnas 1010	1.37	1.00	1.90
Furnas 1011	1.34	1.00	1.85
Furnas 1012	0.58	0.00	0.74
Furnas 1013	1.47	1.00	2.14
Furnas 1014	1.18	1.00	1.56
Furnas 1015	1.00	1.00	0.00
Furnas 1017	15.00	14.00	3.59
Furnas 1018	17.36	20.00	6.56
Furnas 1019	20.71	24.00	8.56
Furnas 1023	1.07	1.00	1.33
Furnas 1028	24.00	24.00	0.00
Furnas 106	0.17	0.00	0.37
Furnas 107	19.49	15.00	15.38
Furnas 1088	0.08	0.00	0.28
Furnas 109	1.00	1.00	1.31
Furnas 110	23.60	18.00	22.46
Furnas 118	23.00	23.00	0.00
Furnas 18	15.00	15.00	0.00
Furnas 204	1.75	1.00	1.71
Furnas 205	25.00	25.00	0.00
Furnas 205A	1.00	1.00	0.00
Furnas 206	21.27	19.00	19.44
Furnas 207	9.83	10.00	6.34
Furnas 210	13.70	14.00	5.56
Furnas 211	23.82	26.00	9.68
Furnas 212	9.67	3.00	10.87
Furnas 213	15.27	18.00	7.63
Furnas 214	13.38	15.00	7.97
Furnas 215	11.82	11.00	8.42
Furnas 306	1.06	0.00	1.56
Furnas 309	1.44	1.00	2.53
Furnas 310	0.26	0.00	0.79
Furnas 311	0.67	0.00	0.94
Furnas 319	1.26	1.00	1.59
Furnas 321	1.07	1.00	1.66
Furnas 332	1.50	1.00	1.12
Furnas 405	9.45	6.00	10.50
Furnas 406	3.00	3.00	1.58
Furnas 414	1.82	0.00	5.13
Furnas 415	19.49	21.00	9.57
Furnas 416	13.24	12.00	10.28
Furnas 417	8.43	10.00	4.24
Furnas 503	0.75	0.00	1.07
Furnas 504	0.33	0.00	0.63
Furnas 505	0.39	0.00	1.06
Furnas 506	1.74	1.00	2.83
Furnas 507	0.17	0.00	0.54
Furnas 508	0.92	0.00	1.34
Furnas 509	0.63	0.00	1.07
Furnas 510	0.78	0.00	1.41
Furnas 511	0.31	0.00	0.72
Furnas 514	1.33	1.00	1.43
Furnas 515	1.26	0.00	2.22
Furnas 516	0.09	0.00	0.29
Furnas 518	0.76	0.00	1.10
Furnas 603	1.32	0.00	3.51
Furnas 604	1.00	1.00	0.00
Furnas 605	1.13	1.00	1.38
Furnas 606	0.23	0.00	0.88
Furnas 608	1.62	0.00	2.10
Furnas 609	0.87	0.00	1.19
Furnas 610	2.33	2.00	0.47
Furnas 611	0.16	0.00	0.46
Furnas 612	0.62	0.00	0.98
Furnas 613	0.64	0.00	0.91
Furnas 614	0.71	0.00	0.89
Furnas 618	2.18	2.00	0.83
Furnas 619	19.71	21.00	5.00
Furnas 621	21.92	22.00	12.91
Furnas 806	18.95	19.00	4.49
Furnas 810	15.10	17.00	5.70
Furnas 811	18.73	19.00	3.46
Furnas 812	8.74	4.00	13.01
Furnas 813	2.00	2.00	1.00
Furnas 815	1.82	1.00	1.80
Furnas 903	1.45	0.00	2.78
Furnas 904	0.83	0.00	1.29
Furnas 905	0.51	0.00	0.78
Furnas 906	1.17	0.00	1.99
Furnas 907	1.23	0.00	2.07
Furnas 908	0.63	0.00	1.29
Furnas 909	0.45	0.00	0.88
Furnas 910	0.73	1.00	1.00
Furnas 916	3.20	2.00	2.76
Furnas 999	0.00	0.00	0.00
Goodyr 10	13.00	13.00	0.00
Goodyr 149	8.00	8.00	0.00
Goodyr 30	36.43	30.00	15.59
Goodyr G001	31.75	31.00	2.38
Goodyr G01	28.50	28.00	1.12
Goodyr G034	18.00	18.00	0.00
Goodyr G1	30.73	28.00	11.13
Goodyr G30	44.65	49.00	15.25
Goodyr G30B	37.76	45.00	12.93
Goodyr G34	19.31	19.00	4.85
Goodyr Go30	49.00	54.00	12.28
Goodyr Go32	32.00	32.00	3.00
Goodyr Go34	23.50	24.00	5.25
Grace 109	0.20	0.00	0.40
Grace 111	0.33	0.00	0.75
Grace 125	2.20	2.00	2.36
Grace 127	1.55	1.00	2.19
Grace 133	0.00	0.00	0.00
Grace 141	4.40	5.00	2.06
Grace 147	0.00	0.00	0.00
Grace 151	0.00	0.00	0.00
Grace 161	10.23	10.00	3.58
Grace 163	11.82	11.00	4.76
Grace 1St	1.00	0.00	2.10
Grace 1Stfl	0.00	0.00	0.00
Grace 207	0.83	1.00	0.69
Grace 217	5.00	5.00	0.00
Grace 231	0.00	0.00	0.00
Grace 249	1.17	1.00	0.90
Grace 261	0.00	0.00	0.00
Grace 269	0.33	0.00	0.75
Grace 271	1.00	0.00	1.07
Grace 273	0.00	0.00	0.00
Grace 2Nd	1.09	1.00	1.07
Grace 303	1.33	1.00	0.47
Grace 307	0.00	0.00	0.00
Grace 309	0.57	1.00	0.49
Grace 323	0.00	0.00	0.00
Grace 327	0.28	0.00	0.53
Grace 361	1.00	1.00	0.00
Grace 363	0.80	1.00	0.40
Grace 3Rd	1.38	1.00	1.61
Grace 3Rdfl	1.40	1.00	0.80
Grace 405	4.07	3.00	2.71
Grace 409	0.47	0.00	0.50
Grace 423	0.00	0.00	0.00
Grace 447	0.00	0.00	0.00
Grace 449	0.67	1.00	0.47
Grace 4Th	1.34	1.00	1.10
Grace 510	1.83	2.00	1.57
Grace 561	1.67	2.00	0.47
Grace 5Th	1.00	1.00	0.53
Grace 5Thfl	0.60	0.00	0.80
Grace B11	0.75	0.00	1.64
Grace B49	1.40	1.00	1.50
Grace Bsmt	2.34	2.00	1.19
Grace Conf	10.55	8.00	4.14
Grace G-42	0.50	0.00	0.50
Grace G109	0.33	0.00	0.47
Grace G141	5.40	6.00	2.94
Grace G151	0.40	0.00	0.49
Grace G261	0.00	0.00	0.00
Grace G269	0.00	0.00	0.00
Grace G309	0.38	0.00	0.48
Grace G360	0.80	1.00	0.40
Grace G42	0.60	1.00	0.49
Grace G423	0.00	0.00	0.00
Grace G447	0.00	0.00	0.00
Grace G545	0.55	1.00	0.50
Grace Hst	1.46	1.00	1.28
Grace Hth	1.00	1.00	0.00
Greiner 116B	9.83	11.00	8.74
Greiner 118B	8.50	8.00	4.50
Greiner 120B	9.47	6.00	8.77
Greiner 134C	11.86	6.00	13.20
Greiner 135C	10.13	6.00	14.69
Hadley 124	18.00	18.00	0.00
Harrim 255	3.09	1.00	3.32
Harrim 30	6.00	6.00	2.69
Hayes 106	2.00	2.00	2.00
Hayes 107	4.67	6.00	2.67
Hayes 108	5.47	3.00	6.92
Hayes 108A	20.50	20.00	19.50
Hayes 108B	9.68	7.00	10.03
Hayes 110	0.31	0.00	0.82
Hayes 111	0.40	0.00	0.80
Hayes 112	2.47	0.00	6.57
Hayes 112A	0.86	0.00	1.36
Hayes 114	1.76	1.00	2.19
Hayes 116	0.29	0.00	0.45
Hayes 116A	1.53	0.00	2.67
Hayes 124A	1.20	1.00	0.40
Hayes 126A	5.00	5.00	0.00
Hayes 132	6.33	3.00	7.44
Hayes 135	0.00	0.00	0.00
Hayes 139	0.11	0.00	0.42
Hayes 139A	3.00	3.00	1.00
Hayes 139B	0.09	0.00	0.29
Hayes 140	5.80	3.00	7.02
Hayes 142	8.00	8.00	0.00
Hayes 143B	0.00	0.00	0.00
Hayes 145	1.00	1.00	0.00
Hayes 201	0.00	0.00	0.00
Hayes 201A	13.09	12.00	12.02
Hayes 201B	2.04	1.00	3.27
Hayes 201C	8.67	11.00	5.60
Hayes 201D	0.60	0.00	1.20
Hayes 201E	0.34	0.00	0.71
Hayes 201F	0.51	0.00	1.13
Hayes 201G	1.32	0.00	2.30
Hayes 201H	0.49	0.00	1.00
Hayes 201I	0.40	0.00	0.68
Hayes 201J	0.95	0.00	2.01
Hayes 201K	1.02	0.00	1.90
Hayes 201L	0.71	1.00	0.82
Hayes 201Q	0.89	0.00	1.58
Hayes 201T	0.25	0.00	0.43
Hayes 202	0.00	0.00	0.00
Hayes 217	1.50	1.00	1.50
Hayes 230	21.53	18.00	16.68
Hayes 231	24.39	21.00	17.29
Hayes 231B	40.00	40.00	0.00
Hayes 235	0.79	0.00	1.88
Hayes 239	12.49	12.00	8.72
Hayes 243	7.08	6.00	4.83
Hayes 272	1.10	0.00	1.83
Hayes 279	1.31	0.00	2.26
Hayes 282	2.16	1.00	2.97
Hayes 282B	0.80	1.00	0.75
Hayes 283	0.60	1.00	0.49
Hayes 285	0.70	0.00	0.78
Hayes 290	7.71	7.00	5.73
Hayes 291	0.83	0.00	1.10
Hayes 292	9.70	9.00	9.39
Hayes 301	3.20	4.00	1.83
Hayes 302	3.48	0.00	4.47
Hayes 302A	2.81	1.00	5.38
Hayes 302C	1.05	0.00	1.63
Hayes 302D	0.33	0.00	0.60
Hayes 305	1.55	1.00	2.12
Hayes 306C	5.00	5.00	0.00
Hayes 308B	1.05	0.00	1.50
Hayes 308C	1.00	1.00	1.00
Hayes 311	0.53	0.00	0.84
Hayes 312A	2.53	1.00	2.97
Hayes 312B	1.00	1.00	1.22
Hayes 313	0.07	0.00	0.25
Hayes 315	0.63	0.00	1.19
Hayes 316A	1.20	0.00	2.96
Hayes 316B	1.38	1.00	1.65
Hayes 316C	0.95	0.00	1.81
Hayes 321	0.75	0.00	0.90
Hayes 325	0.66	0.00	1.20
Hayes 327	3.80	1.00	6.48
Hayes 328	1.00	1.00	1.00
Hayes 333	5.42	2.00	6.14
Hayes 372	1.85	1.00	1.68
Hayes 375	2.52	3.00	1.71
Hayes 377	3.00	3.00	2.92
Hayes 378	1.00	1.00	0.00
Hayes 379	0.97	0.00	1.42
Hayes 382	0.59	0.00	1.19
Hayes 401	5.00	5.00	3.63
Hayes 402	10.00	10.00	0.00
Hayes 403	18.50	18.00	17.50
HayesB 01K	5.25	5.00	3.03
HayesB 01T	5.67	8.00	4.03
Hayesa 132	1.00	1.00	0.00
Hayesa 140	1.00	1.00	0.00
Hayesa 20	102.00	102.00	0.00
Hayesb 01	3.02	0.00	5.13
Hayesb 06	5.33	4.00	4.51
Hayesb 07	16.83	12.00	14.42
Hayesb 08	9.38	11.00	3.67
Hayesb 11	0.00	0.00	0.00
Hayesc 03	1.26	0.00	3.05
Hayesc 05	3.98	0.00	6.93
Hayesd 25	2.00	2.00	0.00
Hoch 107	0.46	0.00	0.78
Hoch 114	71.70	62.00	51.99
Hoch 115	3.00	3.00	0.00
Hoch 117	0.28	0.00	0.73
Hoch 119	1.08	1.00	1.13
Hoch 125A	1.09	0.00	1.84
Hoch 137	3.00	3.00	0.00
Hoch 139	17.11	13.00	14.71
Hoch 141	2.50	2.00	2.06
Hoch 202A	2.67	2.00	0.94
Hoch 208	0.22	0.00	0.44
Hoch 210	26.66	23.00	42.35
Hoch 212	15.09	18.00	7.96
Hoch 218	18.31	22.00	8.57
Hoch 219	0.69	0.00	1.04
Hoch 220	0.91	1.00	0.97
Hoch 222	2.33	2.00	1.25
Hoch 223	17.84	21.00	7.87
Hoch 225	174.00	174.00	0.00
Hoch 231	10.35	12.00	5.80
Hoch 237	20.92	23.00	7.10
Hoch 243	1.50	0.00	4.46
Hoch 25	6.00	6.00	3.27
Hoch 307	11.99	5.00	13.27
Hoch 308	2.16	2.00	2.89
Hoch 310	7.73	5.00	6.37
Hoch 317	3.33	3.00	1.70
Hoch 321	4.50	4.00	0.50
Hoch 328	5.00	4.00	1.81
Hoch 329	2.88	1.00	2.93
Hoch 335	1.20	1.00	0.40
Hoch 371	1.67	1.00	0.94
Hoch 411	0.00	0.00	0.00
Hoch 413	1.79	1.00	1.15
Hoch 414	1.00	1.00	0.71
Hoch 418	1.62	1.00	2.03
Hoch 419	0.21	0.00	0.46
Hoch 430	6.17	5.00	6.09
Hoch 435	0.39	0.00	0.77
Hoch 443	0.16	0.00	0.44
Hoch 4430	1.00	1.00	0.00
Hoch 444	1.33	1.00	0.75
Hoch 447	0.77	0.00	1.25
Hoch 448	0.97	1.00	1.12
Hoch 457	1.00	1.00	0.00
Hoch 471	15.55	13.00	7.15
Hoch 474	4.33	4.00	2.87
Hoch 510	0.69	1.00	0.61
Hoch 511	2.91	2.00	2.61
Hoch 512	3.00	3.00	0.00
Hoch 513	0.68	0.00	1.07
Hoch 521	1.92	1.00	2.05
Hoch 531	4.36	4.00	3.50
Hoch 543	0.50	0.00	0.87
Hoch 555	9.75	10.00	2.95
Hoch 559	3.65	4.00	1.39
Hoch 561	0.69	1.00	0.58
Hoch 565	1.33	1.00	0.47
Hoch 566	11.50	11.00	6.50
Hoch 609	1.73	0.00	3.68
Hoch 610	1.23	0.00	2.79
Hoch 611	1.47	1.00	1.31
Hoch 612	1.43	1.00	2.08
Hoch 613	2.76	1.00	4.25
Hoch 621	4.26	0.00	8.34
Hoch 621A	2.50	2.00	0.50
Hoch 623	1.59	0.00	2.52
Hoch 625	0.48	0.00	0.70
Hoch 635	1.06	1.00	1.22
Hoch 637	0.62	0.00	1.00
Hoch 643	0.28	0.00	0.59
Hoch 645	0.80	0.00	1.18
Hoch 647	0.94	1.00	0.66
Hoch 648	1.59	1.00	1.59
Hoch 651	1.42	1.00	2.23
Hoch 653	0.43	0.00	1.01
Hoch 655	0.00	0.00	0.00
Hoch 657	0.09	0.00	0.29
Hoch 659	1.05	1.00	1.02
Hoch 661	1.11	0.00	1.71
Hoch 663	0.98	0.00	2.66
Hoch 670	0.55	0.00	0.94
Hoch H418	1.00	1.00	0.00
Hoch H430	4.25	5.00	1.30
Hosp 1-114	0.38	0.00	0.48
Hosp 114	0.43	0.00	0.49
Hosp 1St	0.52	0.00	0.78
Hosp 2Ndfl	0.13	0.00	0.34
Hosp 3Rd	0.25	0.00	0.43
Hosp 3Rdfl	0.00	0.00	0.00
Hosp 4Th	1.00	1.00	0.00
Hosp 4Thfl	1.00	1.00	0.00
Hosp 723B1	2.38	2.00	1.58
Hosp 812E	1.00	1.00	0.00
Hosp 812F	0.50	0.00	0.50
Hosp 8415	0.00	0.00	0.00
Hosp 8Fl	0.00	0.00	0.00
Hosp G502	0.72	0.00	1.15
Hosp G811	0.50	0.00	0.67
Hosp G811C	0.20	0.00	0.40
Hosp G812C	0.00	0.00	0.00
Hosp Grdfl	0.38	0.00	0.74
Hosp K286	1.38	1.00	1.41
Howe 08	1.00	1.00	0.00
Howe 09	2.50	2.00	0.50
Hsptal 0A	0.00	0.00	0.00
I-Tv	6.64	3.00	6.60
Jacobs 103	4.33	0.00	6.13
Jacobs 106	33.12	34.00	16.73
Jacobs 110	38.75	42.00	18.58
Jacobs 112	36.05	39.00	16.79
Jacobs 122	37.34	42.00	16.11
Jacobs 130	23.00	23.00	0.00
Jacobs 143	0.06	0.00	0.24
Jacobs 160	20.00	20.00	0.00
Jacobs 160B	3.00	3.00	0.00
Jacobs 206	17.29	20.00	6.67
Jacobs 206A	18.33	21.00	9.81
Jacobs 208	23.50	23.00	0.50
Jacobs 210	23.00	23.00	0.00
Jacobs 214	23.26	23.00	14.38
Jacobs 222	2.63	1.00	3.67
Jacobs 235	1.00	1.00	0.00
Jacobs 238	0.25	0.00	0.43
Jacobs 239	1.33	0.00	3.43
Jacobs 243	1.00	1.00	0.00
Jacobs 246	1.00	1.00	1.00
Jacobs 248	6.70	6.00	5.84
Jacobs 271	24.00	24.00	0.00
Jacobs 272	1.00	1.00	0.71
Jacobs 273	1.65	0.00	7.23
Jacobs 274	0.33	0.00	0.47
Jacobs 280	0.42	0.00	0.57
Jacobs 282	2.33	1.00	5.27
Jacobs 305	1.00	1.00	0.00
Jacobs 312	17.99	19.00	8.97
Jacobs 315	14.17	13.00	5.97
Jacobs 320	16.96	18.00	11.19
Jacobs 325	0.33	0.00	0.47
Jacobs 325B	2.80	1.00	4.88
Jacobs 332	1.00	1.00	0.00
Jacobs 336	0.13	0.00	0.33
Jacobs 340	1.88	2.00	1.45
Jacobs 342	0.21	0.00	0.56
Jacobs 351	236.00	236.00	0.00
Jacobs 355	0.47	0.00	0.70
Jacobs 366	0.06	0.00	0.24
Jacobs 370	0.20	0.00	0.40
Jacobs 379	1.82	1.00	3.40
Jacobs B30	20.99	25.00	12.25
Jacobs B32	22.44	26.00	14.41
Jacobs B34	16.74	24.00	10.68
Jarvis 111	3.50	4.00	2.29
Jarvis 116	13.85	14.00	10.19
Jarvis 120	5.50	6.00	3.35
Jarvis 202	0.87	1.00	0.99
Jarvis 204	0.31	0.00	0.54
Jarvis 205	1.57	1.00	1.51
Jarvis 206	1.50	1.00	0.50
Jarvis 207	0.38	0.00	0.78
Jarvis 209	0.08	0.00	0.27
Jarvis 210	14.00	14.00	0.00
Jarvis 212	49.27	52.00	13.86
Jarvis 214	40.75	47.00	32.69
Jarvis 215	44.25	44.00	40.26
Jarvis 216	21.74	22.00	9.70
Jarvis 223	9.16	7.00	12.91
Jarvis 228	0.69	1.00	0.72
Jarvis 230	4.20	3.00	2.79
Jarvis 231	1.19	1.00	1.38
Jarvis 232	2.00	2.00	1.00
Jarvis 233	0.64	1.00	0.48
Jarvis 313	1.00	1.00	0.00
Jarvis 314	0.00	0.00	0.00
Jarvis 315	0.40	0.00	0.85
Jarvis 316	0.26	0.00	0.55
Jarvis 318	0.96	0.00	1.49
Jarvis 321	2.31	0.00	5.06
Jarvis 324	1.23	1.00	1.57
Jarvis 326	0.65	0.00	1.11
Jarvis 327	0.67	0.00	1.18
Jarvis 328	6.26	6.00	2.24
Jarvis 330	0.08	0.00	0.28
Jarvis 332	0.62	0.00	1.59
Jarvis 334	0.63	0.00	0.70
Jarvis 335	0.61	0.00	0.81
Jarvis 336	0.90	0.00	1.40
Jarvis 339	1.83	0.00	3.20
Jarvis 340	1.05	1.00	1.27
Jedc 150	27.00	0.00	46.77
Kapoor 125	85.42	112.00	51.60
Kapoor 130	81.13	110.00	46.40
Kapoor 183A	27.03	18.00	29.51
Kapoor 183B	20.75	11.00	20.53
Kapoor 190	102.08	120.00	66.56
Kapoor 250	121.43	127.00	10.04
Kapoor 252	63.67	55.00	63.29
Kapoor 264A	82.74	119.00	52.74
Kapoor 264B	92.00	114.00	50.96
Kapoor 345	6.46	4.00	5.81
Kapoor 443	10.08	6.00	11.11
Ketter 114	9.00	9.00	0.00
Ketter 115	3.50	3.00	0.50
Ketter 130	1.78	1.00	1.87
Ketter 132	1.10	1.00	0.94
Ketter 135	1.79	2.00	1.21
Ketter 137	0.33	0.00	0.47
Ketter 140	6.01	2.00	9.83
Ketter 202	1.67	1.00	1.69
Ketter 205	0.29	0.00	0.70
Ketter 206	11.33	9.00	4.78
Ketter 208	7.55	2.00	9.36
Ketter 210	1.96	2.00	1.95
Ketter 212D	0.12	0.00	0.32
Ketter 221	1.38	1.00	1.87
Ketter 222	0.29	0.00	0.45
Ketter 223	0.56	1.00	0.57
Ketter 226	0.14	0.00	0.35
Ketter 229	1.00	1.00	0.00
Ketter 230	1.32	1.00	1.44
Ketter 231	0.33	0.00	0.75
Ketter 232	1.00	0.00	2.29
Ketter 233	1.00	1.00	0.00
Ketter 236	2.67	1.00	8.52
Ketter 238	2.00	2.00	0.00
Ketter 239	0.47	0.00	0.50
Ketter 240	0.69	0.00	1.21
Ketter 242	20.67	20.00	15.52
Ketter 243	1.14	0.00	2.03
Ketter 244	0.50	0.00	0.50
Kimbal 1002	1.17	1.00	0.69
Kimbal 1010	0.80	0.00	1.83
Kimbal 1012	8.00	8.00	0.00
Kimbal 1016	0.49	0.00	0.75
Kimbal 1020	41.00	41.00	0.00
Kimbal 1021	0.33	0.00	0.47
Kimbal 1022	0.00	0.00	0.00
Kimbal 1026	0.00	0.00	0.00
Kimbal 1033	0.63	0.00	0.99
Kimbal 1040	7.71	8.00	2.93
Kimbal 108	15.56	13.00	12.26
Kimbal 1104	4.00	2.00	3.56
Kimbal 1106	9.00	9.00	0.00
Kimbal 111	48.00	44.00	31.86
Kimbal 1110	8.45	8.00	6.09
Kimbal 1112	1.00	1.00	1.00
Kimbal 1113	0.00	0.00	0.00
Kimbal 1114	0.22	0.00	0.47
Kimbal 112	0.00	0.00	0.00
Kimbal 1120	1.88	1.00	2.16
Kimbal 1121	1.96	1.00	1.99
Kimbal 1122	1.65	1.00	1.34
Kimbal 1123	2.13	2.00	1.63
Kimbal 1125	0.00	0.00	0.00
Kimbal 113	16.86	13.00	18.20
Kimbal 1130	14.28	14.00	7.39
Kimbal 1132	5.00	1.00	6.38
Kimbal 1134	0.50	0.00	0.50
Kimbal 114	5.00	1.00	6.26
Kimbal 1140	13.65	11.00	12.64
Kimbal 115	6.62	1.00	9.82
Kimbal 119	1.00	1.00	0.00
Kimbal 120	1.00	1.00	0.00
Kimbal 125	52.53	50.00	32.68
Kimbal 126	13.23	11.00	10.20
Kimbal 150	2.33	3.00	0.94
Kimbal 18	0.00	0.00	0.00
Kimbal 206	3.50	3.00	0.50
Kimbal 207	0.56	0.00	1.26
Kimbal 207A	0.00	0.00	0.00
Kimbal 208	0.24	0.00	0.60
Kimbal 208A	0.00	0.00	0.00
Kimbal 210	0.65	0.00	2.89
Kimbal 212	1.94	1.00	2.44
Kimbal 214	0.33	0.00	0.47
Kimbal 215	2.30	1.00	2.33
Kimbal 30	1.02	0.00	1.94
Kimbal 301	0.73	0.00	0.85
Kimbal 307	1.00	1.00	0.00
Kimbal 319	0.46	0.00	0.63
Kimbal 325	0.50	0.00	0.50
Kimbal 3254	1.00	1.00	0.00
Kimbal 330	5.71	5.00	3.14
Kimbal 334	0.00	0.00	0.00
Kimbal 401	1.67	1.00	3.13
Kimbal 404	1.74	2.00	1.48
Kimbal 405	1.20	1.00	1.05
Kimbal 410	28.00	28.00	0.00
Kimbal 412	1.00	1.00	0.71
Kimbal 413	2.00	2.00	0.00
Kimbal 420	6.00	5.00	2.94
Kimbal 422	2.76	1.00	3.87
Kimbal 435	0.52	0.00	1.29
Kimbal 501	2.00	2.00	0.00
Kimbal 504	0.74	0.00	1.35
Kimbal 510	5.03	4.00	4.11
Kimbal 515	2.25	2.00	1.30
Kimbal 517	1.50	1.00	0.50
Kimbal 518	3.89	3.00	3.31
Kimbal 520	1.36	0.00	1.82
Kimbal 521	1.17	1.00	1.49
Kimbal 522	1.05	0.00	1.48
Kimbal 523	2.23	1.00	1.91
Kimbal 524	0.81	0.00	1.28
Kimbal 525	2.29	1.00	2.61
Kimbal 530	3.00	2.00	2.16
Kimbal 532	1.02	0.00	1.76
Kimbal 533	2.90	2.00	2.55
Kimbal 533B	3.00	3.00	0.82
Kimbal 533C	2.00	2.00	0.00
Kimbal 534	2.67	3.00	1.25
Kimbal 604	1.00	1.00	0.00
Kimbal 610	1.00	1.00	0.00
Kimbal 611	1.50	1.00	0.50
Kimbal 612	2.00	2.00	1.53
Kimbal 613	1.19	1.00	1.54
Kimbal 615	1.47	1.00	1.25
Kimbal 616	1.00	1.00	0.00
Kimbal 620	10.41	1.00	17.66
Kimbal 625	1.52	1.00	1.82
Kimbal 630	1.38	0.00	1.89
Kimbal 703	10.88	10.00	7.24
Kimbal 704	14.01	15.00	9.17
Kimbal 710	7.97	7.00	5.54
Kimbal 714	3.50	3.00	1.12
Kimbal 715	0.30	0.00	0.60
Kimbal 718	6.50	6.00	3.50
Kimbal 720	8.62	8.00	8.06
Kimbal 726	0.27	0.00	0.63
Kimbal 730	16.00	11.00	15.49
Kimbal 801	0.58	0.00	0.72
Kimbal 804	0.50	0.00	0.50
Kimbal 806	7.00	7.00	0.00
Kimbal 807	0.73	0.00	1.29
Kimbal 808	0.17	0.00	0.37
Kimbal 809	0.33	0.00	0.78
Kimbal 810	0.23	0.00	0.42
Kimbal 811	8.00	7.00	3.24
Kimbal 812	0.11	0.00	0.52
Kimbal 813	0.21	0.00	0.48
Kimbal 814	0.63	0.00	0.99
Kimbal 815	0.55	0.00	0.72
Kimbal 816	0.15	0.00	0.36
Kimbal 817	0.73	0.00	1.02
Kimbal 818	0.47	0.00	0.72
Kimbal 819	0.67	0.00	0.94
Kimbal 820	0.40	0.00	0.58
Kimbal 821	12.35	11.00	7.06
Kimbal 823	0.25	0.00	0.43
Kimbal 824	0.25	0.00	0.54
Kimbal 825	11.00	11.00	0.00
Kimbal 901	0.47	0.00	0.75
Kimbal 904	0.62	0.00	0.95
Kimbal 905	0.53	1.00	0.50
Kimbal 907	9.75	10.00	6.13
Kimbal 908	0.12	0.00	0.32
Kimbal 909	0.50	0.00	0.50
Kimbal 910	0.44	0.00	0.86
Kimbal 911	0.31	0.00	0.68
Kimbal 912	0.45	0.00	0.56
Kimbal 913	0.58	0.00	0.64
Kimbal 914	0.45	0.00	0.66
Kimbal 915	0.35	0.00	0.88
Kimbal 916	8.33	6.00	3.30
Kimbal 918	0.24	0.00	0.43
Kimbal 919	0.50	0.00	0.50
Kimbal 920	0.12	0.00	0.43
Kimbal 921	0.88	0.00	1.33
Kimbal 922	8.97	8.00	6.08
Kimbal 924	1.64	2.00	0.48
Kimbal 925	0.23	0.00	0.80
Kimbal 99999	1.50	1.00	1.50
Knox 04	36.42	38.00	20.31
Knox 104	106.93	97.00	73.24
Knox 109	104.83	94.00	71.16
Knox 110	96.86	85.00	69.02
Knox 14	36.22	37.00	20.33
Knox 20	240.31	256.00	154.13
Lockwd 109	21.80	24.00	5.99
Lockwd 223	15.75	16.00	1.09
Lockwd 30	0.63	0.00	0.70
Lockwd 30B	0.14	0.00	0.35
Lockwd 525	5.00	5.00	0.00
Lockwd B30	5.00	1.00	5.66
Lockwd Curr	4.33	3.00	4.19
Math 107	4.16	2.00	4.36
Math 110	0.17	0.00	0.37
Math 116	0.00	0.00	0.00
Math 122	11.83	10.00	8.91
Math 135	1.19	1.00	1.92
Math 150	19.46	16.00	13.63
Math 202	0.05	0.00	0.22
Math 220	0.50	0.00	0.87
Math 224	0.54	0.00	0.93
Math 230	1.25	0.00	2.17
Math 232	2.00	1.00	2.83
Math 235	0.94	0.00	2.07
Math 250	16.97	13.00	13.53
Michl 406	9.00	11.00	5.83
Millrd 371	3.93	2.00	4.15
Millrd Rrr	0.00	0.00	0.00
Milsub 315A	1.00	1.00	0.00
Milsub 371	0.13	0.00	0.33
Mrc 112	0.57	0.00	1.05
Mrc 114	0.00	0.00	0.00
Mrc 118	0.00	0.00	0.00
Mrc 120	1.00	1.00	1.00
Mrc 130	0.29	0.00	0.77
Mrc 152	2.80	3.00	2.56
Mrc 1St	2.88	1.00	2.87
Mrc 208	0.00	0.00	0.00
Mrc 210	1.14	1.00	1.06
Mrc 258	11.00	11.00	0.00
Mrc 2Fl	2.50	0.00	4.33
Mrc 308	0.54	0.00	0.81
Mrc 310	0.00	0.00	0.00
Mrc 311	9.21	4.00	9.37
Mrc 312	0.71	0.00	1.08
Mrc 314	0.00	0.00	0.00
Mrc 320	0.93	1.00	0.77
Mrc 326	3.89	3.00	3.91
Mrc 328	4.03	1.00	5.86
Mrc 330	0.86	1.00	0.74
Mrc 332	0.55	0.00	1.04
Mrc 334	0.72	0.00	0.96
Mrc 346	4.00	4.00	1.87
Mrc 358C	0.89	1.00	0.87
Mrc 360	0.55	0.00	0.74
Mrc 3Rd	0.75	0.00	1.45
Mrc 3Rdfl	0.38	0.00	0.58
Mrc 452	0.36	0.00	0.61
Mrc 452B	0.11	0.00	0.31
Mrc 458	0.09	0.00	0.29
Mrc Conf	3.42	4.00	3.01
Norton 05	0.07	0.00	0.31
Norton 09	18.02	16.00	8.95
Norton 105	0.35	0.00	0.85
Norton 110	10.00	10.00	0.00
Norton 112	173.21	180.00	105.63
Norton 15	23.06	23.00	12.72
Norton 16	22.00	21.00	10.91
Norton 17	21.79	22.00	11.75
Norton 19	15.98	17.00	7.43
Norton 208	2.52	0.00	11.29
Norton 208A	2.00	2.00	0.00
Norton 209	21.84	22.00	12.41
Norton 210	22.24	24.00	12.01
Norton 212	9.86	7.00	7.77
Norton 213	21.40	23.00	12.28
Norton 214	20.71	22.00	11.93
Norton 216	22.09	24.00	11.31
Norton 218	40.68	40.00	23.59
Norton 220	10.75	8.00	11.21
Norton 222	15.33	21.00	10.96
Nsc 2.00	1.00	1.00	0.00
Nsc 201	128.69	136.00	88.45
Nsc 205	36.86	31.00	24.32
Nsc 210	42.22	36.00	29.12
Nsc 215	70.25	69.00	48.04
Nsc 216	35.83	32.00	23.50
Nsc 217	1.00	1.00	0.00
Nsc 218	36.17	31.00	23.43
Nsc 220	39.88	33.00	27.78
Nsc 221	1.00	1.00	0.00
Nsc 222	34.18	30.00	22.93
Nsc 225	175.73	176.00	136.13
Nsc 228	33.51	30.00	22.10
Nsc 240	40.49	37.00	29.61
Nsc 240A	43.35	45.00	26.40
Nsc 242	62.63	50.00	32.66
Nsc 242A	68.11	57.00	33.59
Nsc 245	7.52	8.00	4.37
Nsc 248	11.78	13.00	3.67
Nsc 250	14.85	16.00	9.43
Nsc 260	48.32	29.00	43.58
Nsc 260A	60.54	55.00	41.07
Nsc 262	57.98	50.00	42.06
Nsc 262A	63.34	62.00	28.06
Nsc 266	3.00	2.00	2.00
Nsc 301	1.00	1.00	0.00
Nsc 306	2.64	0.00	5.25
Nsc 312	0.22	0.00	0.41
Nsc 313	0.00	0.00	0.00
Nsc 324	0.00	0.00	0.00
Nsc 325	0.00	0.00	0.00
Nsc 330	0.00	0.00	0.00
Nsc 335	0.32	0.00	0.66
Nsc 345	0.88	0.00	1.50
Nsc 350	12.84	12.00	6.02
Nsc 355	12.65	14.00	4.76
Nsc 359	0.00	0.00	0.00
Nsc 360	0.33	0.00	1.01
Nsc 364	0.48	0.00	1.78
Nsc 366	1.00	1.00	0.00
Nsc 375	34.52	15.00	30.92
Nsc 376	34.50	34.00	3.50
Nsc 377	46.47	44.00	22.01
Nsc 379	57.95	68.00	23.48
Nsc 405	1.38	1.00	1.48
Nsc 407	1.80	0.00	3.12
Nsc 410	0.11	0.00	0.50
Nsc 411	0.69	0.00	1.65
Nsc 415	1.38	0.00	2.28
Nsc 417	0.54	0.00	1.19
Nsc 427	3.00	3.00	0.00
Nsc 428	0.27	0.00	0.60
Nsc 432	1.19	0.00	1.97
Nsc 436	0.64	0.00	1.13
Nsc 441	4.00	4.00	1.00
Nsc 455	0.50	0.00	0.50
Nsc 458	2.27	2.00	1.21
Nsc 460	0.23	0.00	1.39
Nsc 465	1.06	0.00	2.31
Nsc 470	0.19	0.00	0.49
Nsc 475	4.19	5.00	3.57
Nsc 480	0.34	0.00	0.91
Nsc 482	1.88	2.00	0.93
Nsc 508	2.86	2.00	3.02
Nsc 511	0.12	0.00	0.33
Nsc 515	0.00	0.00	0.00
Nsc 516	2.20	1.00	3.43
Nsc 520	1.12	1.00	1.27
Nsc 526	0.04	0.00	0.19
Nsc 531	0.27	0.00	0.91
Nsc 532	0.09	0.00	0.69
Nsc 535	2.06	2.00	1.97
Nsc 538	1.23	0.00	1.94
Nsc 540	0.98	0.00	2.00
Nsc 550	1.45	1.00	0.66
Nsc 552	0.72	0.00	1.51
Nsc 553	0.20	0.00	0.48
Nsc 554	1.31	1.00	1.26
Nsc 556	0.20	0.00	0.79
Nsc 560	1.00	1.00	0.00
Nsc 561	0.05	0.00	0.22
Nsc 562	0.00	0.00	0.00
Nsc 564	1.75	1.00	1.23
Nsc 570	1.96	1.00	2.60
Nsc 572	0.97	0.00	4.11
Nsc 573	0.11	0.00	0.31
Nsc 576	2.80	3.00	1.60
Nsc 578	0.35	0.00	0.71
Nsc 580	1.33	1.00	0.47
Nsc 582	1.81	0.00	3.08
Nsc 585	2.11	0.00	3.16
Nsc 605	0.40	0.00	0.49
Nsc 607	2.00	2.00	0.00
Nsc 608	2.78	2.00	3.24
Nsc 611	0.93	0.00	4.41
Nsc 618	0.10	0.00	0.40
Nsc 620	2.15	1.00	2.79
Nsc 625	1.00	1.00	0.00
Nsc 627	0.10	0.00	0.30
Nsc 630	2.19	1.00	2.38
Nsc 633	0.02	0.00	0.15
Nsc 635	2.45	2.00	1.50
Nsc 638	1.35	0.00	1.70
Nsc 640	0.75	0.00	1.26
Nsc 650	0.88	0.00	1.82
Nsc 652	1.08	0.00	1.49
Nsc 657	0.23	0.00	0.47
Nsc 660	0.59	0.00	1.22
Nsc 662	0.00	0.00	0.00
Nsc 672	0.17	0.00	0.45
Nsc 679	2.45	0.00	6.42
Nsc 682	2.69	1.00	3.65
Nsc 684	0.48	0.00	1.77
Nsc 705	1.43	1.00	1.66
Nsc 707	4.25	4.00	1.30
Nsc 710	0.40	0.00	0.66
Nsc 711	0.64	1.00	0.62
Nsc 715	1.04	0.00	1.43
Nsc 716	1.10	1.00	1.33
Nsc 717	0.83	0.00	1.19
Nsc 720	1.06	1.00	1.34
Nsc 724	1.57	2.00	1.22
Nsc 726	3.50	4.00	1.61
Nsc 730	2.00	2.00	1.36
Nsc 731	3.50	3.00	1.26
Nsc 732	0.09	0.00	0.28
Nsc 735	1.50	0.00	2.19
Nsc 738	1.00	1.00	0.00
Nsc 740	0.22	0.00	0.52
Nsc 756	0.00	0.00	0.00
Nsc 758	0.47	0.00	0.89
Nsc 760	0.79	0.00	1.49
Nsc 764	1.74	1.00	1.69
Nsc 768	1.03	1.00	1.01
Nsc 771	0.53	0.00	1.06
Nsc 772	2.08	1.00	1.59
Nsc 775	1.00	1.00	1.15
Nsc 776	1.56	1.00	2.08
Nsc 777	4.75	5.00	2.28
Nsc 780	3.32	2.00	5.12
Nsc 781	1.00	1.00	0.00
Nsc 782	1.76	1.00	2.54
Nsc 785	1.33	0.00	2.27
Nsc 8.00	0.10	0.00	0.30
Nsc 805	3.45	3.00	1.62
Nsc 811	0.05	0.00	0.22
Nsc 816	0.09	0.00	0.29
Nsc 820	0.75	0.00	1.07
Nsc 826	0.05	0.00	0.22
Nsc 827	0.42	0.00	0.61
Nsc 831	2.92	2.00	2.19
Nsc 835	0.73	0.00	1.15
Nsc 838	1.34	0.00	2.08
Nsc 840	0.68	0.00	1.72
Nsc 848	2.78	1.00	3.51
Nsc 850	11.44	10.00	8.53
Nsc 852	1.25	1.00	0.43
Nsc 855	1.17	1.00	0.37
Nsc 856	0.29	0.00	0.70
Nsc 858	10.62	10.00	6.26
Nsc 860	1.71	2.00	1.03
Nsc 86149	4.20	4.00	1.72
Nsc 864	2.00	1.00	3.53
Nsc 868	4.00	3.00	4.08
Nsc 871	0.18	0.00	0.54
Nsc 872	0.35	0.00	0.87
Nsc 875	2.23	1.00	4.44
Nsc 876	0.31	0.00	1.02
Nsc 880	7.07	4.00	7.38
Nsc 882	0.53	0.00	0.88
Nsc 885	12.64	15.00	5.79
Nsc Srr	110.25	111.00	4.02
Obrian 05	13.28	14.00	9.34
Obrian 08	5.23	6.00	4.12
Obrian 10	14.34	16.00	9.19
Obrian 102	36.27	31.00	26.20
Obrian 104	82.99	44.00	92.43
Obrian 106	75.33	80.00	38.82
Obrian 107	33.02	32.00	20.23
Obrian 108	42.06	38.00	27.04
Obrian 109	42.52	44.00	24.65
Obrian 112	44.06	43.00	27.28
Obrian 113	10.45	8.00	11.34
Obrian 12	18.35	19.00	12.50
Obrian 205	1.00	1.00	1.00
Obrian 207	5.96	2.00	9.45
Obrian 209	23.56	24.00	12.63
Obrian 210	24.02	24.00	12.24
Obrian 212	18.46	21.00	10.37
Obrian 213	17.97	21.00	9.35
Obrian 214	20.12	23.00	9.92
Obrian 313	1.00	1.00	0.00
Obrian 314	2.80	2.00	2.79
Obrian 403	15.00	14.00	4.06
Obrian 405	23.00	23.00	0.00
Obrian 406	8.40	8.00	6.21
Obrian 407	3.00	3.00	0.00
Obrian 411	0.50	0.00	0.50
Obrian 412	1.33	1.00	0.47
Obrian 416	1.33	1.00	0.47
Obrian 417	3.00	3.00	0.00
Obrian 420	0.40	0.00	0.80
Obrian 422	7.00	7.00	0.00
Obrian 423	0.20	0.00	0.40
Obrian 425	2.00	2.00	0.00
Obrian 426	2.00	2.00	0.00
Obrian 427	0.33	0.00	0.47
Obrian 504	6.01	6.00	3.74
Obrian 504A	8.50	9.00	2.87
Obrian 507	5.17	4.00	4.96
Obrian 508	5.25	5.00	2.38
Obrian 509	4.33	4.00	2.87
Obrian 515	0.50	0.00	0.50
Obrian 516	5.50	5.00	5.50
Obrian 517	0.60	0.00	0.80
Obrian 520	2.33	2.00	1.25
Obrian 525	2.00	2.00	0.00
Obrian 526	4.00	2.00	3.56
Obrian 527	1.14	1.00	1.25
Obrian 533	9.19	9.00	3.88
Obrian 535A	11.67	8.00	5.91
Obrian 543	14.67	14.00	2.49
Obrian 543A	8.04	8.00	5.79
Obrian 543B	4.86	6.00	4.49
Obrian 543C	7.80	8.00	1.33
Obrian 545	11.89	13.00	9.02
Obrian 606	1.00	1.00	0.00
Obrian 607	1.00	1.00	0.00
Obrian 608	1.25	1.00	0.43
Obrian 609	4.00	4.00	0.00
Obrian 611	7.00	7.00	0.00
Obrian 612	3.17	2.00	2.64
Obrian 613	2.44	1.00	3.44
Obrian 614	0.93	1.00	0.93
Obrian 615	2.00	2.00	0.82
Obrian 616	2.00	2.00	1.00
Obrian 617	3.00	3.00	1.77
Obrian 618	1.00	1.00	0.00
Obrian 620	0.83	1.00	0.37
Obrian 621	1.00	1.00	0.00
Obrian 621A	5.00	5.00	0.00
Obrian 622	0.33	0.00	0.47
Obrian 624	1.50	1.00	0.50
Obrian 626	2.80	1.00	2.64
Obrian 630A	8.79	10.00	4.82
Obrian 631	10.50	10.00	0.50
Obrian 706	8.52	9.00	6.17
Obrian 708	1.33	1.00	0.47
Obrian 710	1.50	1.00	1.12
Obrian 711	2.33	2.00	0.47
Obrian 712	1.00	1.00	0.71
Obrian 713	0.67	1.00	0.47
Obrian 714	1.00	1.00	0.00
Obrian 715	1.33	1.00	0.47
Obrian 716	1.56	1.00	1.42
Obrian 717	4.40	3.00	3.50
Obrian 718	1.00	1.00	0.00
Obrian 719	1.33	1.00	0.47
Obrian 721	2.40	2.00	1.36
Obrian 723	2.60	2.00	2.24
Obrian 724	0.50	0.00	0.50
Off Ca 00	19.13	14.00	13.32
Off Ca 14	0.00	0.00	0.00
Off Ca 371	14.00	14.00	0.00
Off Ca 999	4.00	4.00	4.00
Off Ca 99999	12.52	6.00	18.09
Off Ca Ar	12.80	14.00	6.68
Off Ca Nyc	15.42	16.00	7.78
Off Ca Offc	25.00	25.00	1.50
Off Ca Rr	13.00	13.00	0.00
Online	20.54	16.00	24.12
PARK_A 05	4.00	3.00	3.06
PARK_A 11	4.00	4.00	0.00
PARK_A 25	3.00	3.00	0.00
Park 105	0.94	0.00	1.78
Park 106	0.33	0.00	0.68
Park 107	0.65	0.00	1.40
Park 108	0.30	0.00	0.46
Park 109	0.20	0.00	0.79
Park 110	0.59	0.00	1.06
Park 111	0.43	0.00	0.74
Park 113	0.30	0.00	0.69
Park 115	0.72	0.00	1.33
Park 118	0.62	0.00	1.51
Park 119	0.25	0.00	0.66
Park 120	2.00	2.00	0.00
Park 122	0.82	0.00	1.11
Park 123	0.64	0.00	1.07
Park 124	0.22	0.00	0.42
Park 125	0.81	0.00	1.43
Park 126	0.98	0.00	1.81
Park 127	0.29	0.00	0.58
Park 131	1.27	0.00	1.84
Park 136	0.10	0.00	0.30
Park 136A	2.10	0.00	3.74
Park 136B	1.00	1.00	0.00
Park 136C	0.26	0.00	0.88
Park 141	11.10	10.00	8.72
Park 142	3.09	1.00	3.72
Park 143	19.53	23.00	7.42
Park 144	3.00	3.00	0.00
Park 145	1.00	1.00	0.00
Park 146	17.62	20.00	9.30
Park 148	17.07	20.00	9.07
Park 149	3.56	3.00	2.54
Park 150	6.78	7.00	2.27
Park 152	19.19	22.00	8.12
Park 155	16.29	20.00	8.63
Park 156	24.00	24.00	0.00
Park 157	6.20	5.00	2.48
Park 164	18.00	18.00	0.00
Park 168	5.16	5.00	2.50
Park 171	2.40	0.00	3.56
Park 174	4.00	4.00	1.33
Park 179	2.71	3.00	2.05
Park 187	3.14	2.00	3.74
Park 188	3.50	3.00	0.50
Park 204	2.25	1.00	3.25
Park 206	0.17	0.00	0.55
Park 209	7.57	1.00	11.18
Park 213	8.00	8.00	0.00
Park 223	1.53	0.00	2.94
Park 233	3.00	4.00	1.41
Park 235	0.77	0.00	2.03
Park 241	3.71	1.00	4.43
Park 250	19.98	21.00	10.68
Park 275	2.18	1.00	3.13
Park 280	22.74	13.00	19.69
Park 282	1.13	0.00	2.00
Park 316	0.54	0.00	1.34
Park 317	1.23	0.00	2.61
Park 320	1.67	1.00	0.94
Park 321	0.78	0.00	1.13
Park 323	2.74	0.00	6.95
Park 326	6.00	6.00	0.00
Park 343	0.39	0.00	1.60
Park 344	2.49	2.00	2.44
Park 346	0.48	0.00	0.66
Park 351	2.29	0.00	3.10
Park 355	0.88	0.00	1.49
Park 361	12.36	14.00	4.07
Park 362	0.06	0.00	0.24
Park 364	0.22	0.00	0.71
Park 366	1.94	0.00	3.52
Park 368	0.55	0.00	1.29
Park 368C	4.67	0.00	5.27
Park 377	4.50	4.00	0.50
Park 403	0.83	0.00	1.22
Park 404	0.28	0.00	0.74
Park 406	0.62	0.00	1.00
Park 407	0.59	0.00	1.15
Park 409	1.31	1.00	1.53
Park 415	0.55	0.00	0.97
Park 4154	0.60	1.00	0.49
Park 416	2.56	1.00	2.96
Park 417	1.38	1.00	1.50
Park 418	2.12	1.00	2.99
Park 419	1.85	1.00	2.23
Park 420	0.47	0.00	0.50
Park 421	0.36	0.00	0.62
Park 422	0.54	0.00	0.84
Park 423	0.83	0.00	1.36
Park 425	11.35	11.00	6.37
Park 427	6.00	6.00	0.00
Park 430	0.78	0.00	2.08
Park 430`	0.07	0.00	0.26
Park 433	0.71	0.00	1.41
Park 438	1.57	1.00	2.91
Park 440	24.17	24.00	12.07
Park 445	1.30	1.00	0.64
Park 446	0.93	0.00	1.35
Park 450	12.66	14.00	7.88
Park 453	0.35	0.00	0.74
Park 454	0.28	0.00	0.51
Park 455	0.48	0.00	0.90
Park 456	1.50	1.00	2.48
Park 457	0.57	0.00	1.04
Park 463	1.24	0.00	1.86
Park 464	0.48	0.00	1.01
Park 465	0.69	0.00	1.51
Park 466	1.84	1.00	2.77
Park 467	0.15	0.00	0.43
Park 468	0.54	0.00	0.81
Park 470	2.36	1.00	4.09
Park 4700	0.13	0.00	0.33
Park 470A	1.00	1.00	0.00
Park 470D	11.09	9.00	4.85
Park 474	10.92	11.00	5.77
Park 502	8.88	9.00	5.56
Park 503	0.55	0.00	0.90
Park 504	1.13	1.00	1.29
Park 505	0.68	0.00	1.06
Park 507	0.20	0.00	0.40
Park 508	0.82	0.00	1.30
Park 509	0.74	0.00	1.47
Park 511	0.50	0.00	0.75
Park 513	0.32	0.00	0.53
Park 514	0.46	0.00	0.55
Park 516	0.33	0.00	0.57
Park 519	0.23	0.00	0.48
Park 520	0.27	0.00	0.73
Park 522	0.36	0.00	0.61
Park 525	0.39	0.00	0.80
Park 531	0.72	0.00	1.24
Park 532	7.15	5.00	6.98
Park 533	0.91	0.00	3.01
Park 534	0.63	0.00	0.89
Park 535	5.00	5.00	0.00
Park 537	8.25	7.00	4.15
Park 538	3.50	3.00	1.50
Park 539	0.60	0.00	1.06
Park 540	1.70	1.00	2.15
Park 541	2.19	2.00	1.78
Park 545	7.79	8.00	3.83
Park 546	0.30	0.00	0.69
Park 552	0.70	0.00	1.17
Park 553	0.19	0.00	0.55
Park 554	0.72	0.00	1.64
Park 555	0.55	0.00	1.53
Park 556	1.50	1.00	0.50
Park 557	0.56	0.00	0.99
Park 558	0.34	0.00	0.70
Park 559	0.41	0.00	0.79
Park 560	0.30	0.00	0.99
Park 561	0.61	0.00	1.02
Park 562	0.78	0.00	1.40
Park 563	0.30	0.00	0.88
Park 564	0.39	0.00	1.05
Park 565	0.55	0.00	1.07
Park 567	0.64	0.00	0.97
Park 568	0.59	0.00	0.96
Park 569	0.64	0.00	1.39
Park 570	0.49	0.00	0.97
Park 574	0.63	0.00	1.65
Park 575	0.35	0.00	0.58
Park 577	0.37	0.00	0.75
Park 580	1.33	0.00	5.76
Park 581	0.44	0.00	0.96
Park 582	0.18	0.00	0.46
Park 583	0.63	0.00	0.98
Park 584	0.21	0.00	1.00
Park 585	2.00	2.00	0.00
Park 616	0.00	0.00	0.00
Park 700	1.00	1.00	0.00
Park B-75	0.43	0.00	1.48
Park B075	2.67	3.00	1.25
Park B71	1.23	0.00	1.91
Park B74	0.14	0.00	0.35
Park B75	1.20	0.00	2.25
Park B77	0.35	0.00	0.65
Park B78	2.00	1.00	1.22
Park B85	0.18	0.00	0.38
Park T32	5.50	5.00	3.50
Parker 02	4.53	2.00	6.46
Parker 104	17.71	11.00	18.35
Parker 105	0.45	0.00	0.94
Parker 110	2.13	1.00	3.32
Parker 116	41.67	49.00	11.09
Parker 117	6.29	9.00	5.37
Parker 122	1.00	1.00	1.00
Parker 124	0.00	0.00	0.00
Parker 128	8.21	6.00	8.36
Parker 13	7.00	8.00	4.88
Parker 14	4.73	4.00	2.82
Parker 142	2.50	2.00	1.34
Parker 148	2.93	2.00	3.27
Parker 16	23.00	26.00	8.45
Parker 17	0.25	0.00	0.43
Parker 18	32.60	30.00	20.23
Parker 202	9.93	10.00	5.11
Parker 204	4.47	1.00	4.55
Parker 206	7.83	6.00	4.06
Parker 214	7.18	5.00	5.72
Parker 215	9.00	9.00	0.00
Parker 22	41.04	33.00	26.60
Parker 224	3.00	3.00	0.00
Parker 232	0.37	0.00	1.07
Parker 237	2.35	1.00	3.30
Parker 24	67.50	67.00	5.50
Parker 300	1.00	1.00	0.00
Parker 302	3.25	2.00	2.54
Parker 303	5.44	5.00	4.14
Parker 304	4.80	4.00	2.79
Parker 305	1.57	2.00	0.49
Parker 306	9.26	9.00	5.29
Parker 307	2.50	2.00	1.12
Parker 310	2.00	2.00	0.82
Parker 312	1.00	1.00	0.00
Parker 314	1.00	1.00	0.00
Parker 32	1.14	1.00	0.35
Parker 325	2.61	1.00	2.54
Parker 38	45.26	41.00	23.17
Parker 40	24.00	24.00	4.43
Porter 101	11.00	11.00	2.00
Porter 104	2.00	1.00	1.89
Porter 451	15.60	17.00	8.21
Presbx 508	7.00	7.00	0.00
R25 Needs Assignment	11.40	0.00	25.04
Rchmnd 361	2.96	2.00	2.84
Rchmnd 362	2.00	2.00	1.00
Rchmnd 363	2.30	1.00	2.51
Rchmnd 462	2.10	1.00	2.62
Rchmnd 463	2.16	2.00	1.42
Rchmnd 464	1.23	1.00	1.05
Rchmnd 466	1.61	1.00	2.13
Rchmnd 467	0.30	0.00	0.59
Roosevelt 101	0.75	1.00	0.43
Roswll 131	0.00	0.00	0.00
Roswll 1Mrc	1.83	0.00	2.27
Roswll 1St	1.00	0.00	2.22
Roswll 1Stfl	0.00	0.00	0.00
Roswll 258	3.33	3.00	1.25
Roswll 2712	2.00	2.00	0.00
Roswll 2Nd	1.29	0.00	2.31
Roswll 2Ndfl	1.82	0.00	4.79
Roswll 302	0.00	0.00	0.00
Roswll 320	0.00	0.00	0.00
Roswll 326	0.00	0.00	0.00
Roswll 328	10.90	13.00	6.96
Roswll 332	3.00	3.00	0.00
Roswll 3919B	0.60	1.00	0.49
Roswll 3Mrc	1.00	1.00	0.00
Roswll 3Rd	0.77	1.00	0.87
Roswll 3Rdfl	1.17	1.00	0.90
Roswll 404	11.77	9.00	9.95
Roswll 408	1.00	1.00	0.76
Roswll 413	2.00	2.00	0.00
Roswll 420	0.67	0.00	0.94
Roswll 448	1.67	2.00	0.47
Roswll 4Th	8.33	5.00	6.65
Roswll 501	1.00	1.00	0.00
Roswll 5Th	1.70	1.00	0.78
Roswll 613	2.36	2.00	1.37
Roswll B11	2.67	3.00	2.05
Roswll B1306	10.00	10.00	0.00
Roswll Ccr-2	1.67	2.00	1.01
Roswll G917A	1.78	2.00	0.92
Roswll Haupt	0.58	0.00	0.86
Roswll Hw1	0.00	0.00	0.00
Roswll Hwi	0.54	0.00	0.84
Roswll Mrc1	0.20	0.00	0.40
Roswll Mrc2	0.00	0.00	0.00
Roswll Mrc3	2.00	0.00	3.07
Roswll Mrc4	1.00	1.00	0.00
Roswll Nih	0.00	0.00	0.00
Roswll Sci-4	1.09	1.00	0.90
Rpblsc 1-306	15.50	16.00	1.50
Rpblsc 1St	6.64	7.00	3.77
Rpblsc 2201	11.73	12.00	4.05
Rpblsc 2309	0.00	0.00	0.00
Rpblsc 2314	0.29	0.00	0.45
Rpblsc 2317	1.56	1.00	1.17
Rpblsc 2318	1.78	1.00	1.40
Rpblsc 2320	0.50	0.00	0.50
Rpblsc 305	0.00	0.00	0.00
Rpblsc 3201	6.30	6.00	2.69
Rpblsc 3302	0.00	0.00	0.00
Rpblsc 3303	1.47	2.00	0.81
Rpblsc 3304	0.08	0.00	0.28
Rpblsc 3314	3.13	3.00	2.19
Rpblsc 3316	0.67	0.00	0.82
Rpblsc 33201	8.00	8.00	0.00
Rpblsc 4-130	0.00	0.00	0.00
Rpblsc 4-201	4.14	4.00	0.83
Rpblsc 4-303	1.40	2.00	0.71
Rpblsc 4-304	1.60	1.00	0.88
Rpblsc 4-305	0.47	0.00	0.72
Rpblsc 4-311	1.00	1.00	0.37
Rpblsc 4-315	2.00	2.00	1.03
Rpblsc 4-316	1.17	1.00	1.21
Rpblsc 4-317	1.73	2.00	0.93
Rpblsc 4-318	1.47	1.00	0.72
Rpblsc 4-321	2.47	1.00	2.31
Rpblsc 4-322	3.40	4.00	2.22
Rpblsc 4111	0.29	0.00	0.45
Rpblsc 4201	7.14	8.00	2.42
Rpblsc 5-103	0.60	1.00	0.49
Rpblsc 5-111	2.13	2.00	1.83
Rpblsc 5-113	0.00	0.00	0.00
Rpblsc 5-117	0.00	0.00	0.00
Rpblsc 5-121	0.50	0.00	0.71
Rpblsc 5-127	0.00	0.00	0.00
Rpblsc 5-130	5.77	5.00	2.57
Rpblsc 5-133	1.63	1.00	1.93
Rpblsc 5-139	2.25	2.00	1.79
Rpblsc 5-143	0.60	0.00	0.80
Rpblsc 5-149	3.50	2.00	3.54
Rpblsc 5-301	9.92	8.00	4.38
Rpblsc 5-303	0.50	0.00	0.71
Rpblsc 5-312	0.00	0.00	0.00
Rpblsc 539	2.22	2.00	2.04
Rpblsc L1315	5.00	5.00	0.00
Rpblsc L2	4.00	4.00	1.58
Rpblsc L2311	0.00	0.00	0.00
Rpblsc L2314	2.00	2.00	0.00
Rpblsc L2318	1.78	1.00	0.92
Rpblsc L2319	0.67	1.00	0.47
Rpblsc L2320	0.67	1.00	0.47
Rpblsc L305	5.13	5.00	3.66
Rpblsc L3113	0.67	0.00	0.82
Rpblsc L3303	0.00	0.00	0.00
Rpblsc L3304	0.00	0.00	0.00
Rpblsc L3305	3.88	2.00	3.89
Rpblsc L3310	3.44	4.00	2.17
Rpblsc L3314	0.67	1.00	0.47
Rpblsc L3316	1.67	2.00	0.47
Rpblsc L3318	1.18	0.00	1.82
Rpblsc L3319	0.38	0.00	0.48
Rpblsc Zebro	13.14	10.00	10.29
Rsrch 1Stf	28.20	28.00	5.31
Rsrch 250	8.69	9.00	3.42
Rsrch 3Rd	7.00	7.00	7.00
Rsrch 400	8.05	7.00	5.39
Rsrch 402	14.00	14.00	7.62
Rsrch 404	10.81	7.00	11.57
Rsrch 408	4.00	1.00	7.28
Rsrch 420	4.59	1.00	12.16
Rsrch 444	6.40	7.00	2.80
Rsrch 448	20.16	14.00	15.82
Rsrch 4Th	7.45	3.00	14.17
Rsrch 4Thfl	2.40	2.00	1.91
Rsrch 5Th	1.30	1.00	0.78
Rsrch 5Thfl	0.67	0.00	1.05
Rsrch Aud	25.79	24.00	22.53
Rsrch G-C	23.00	23.00	0.00
Scien 1909	0.00	0.00	0.00
Scien 2Nd	1.00	1.00	0.00
Scien 3925	1.00	1.00	0.00
Scien 3Rd	0.00	0.00	0.00
Scien 3Rdfl	0.07	0.00	0.25
Scien 4915	0.07	0.00	0.26
Scien 4917	0.00	0.00	0.00
Scien 4931	2.25	0.00	3.90
Scien 4Th	0.26	0.00	0.44
Scien 4Thfl	0.00	0.00	0.00
Scien 520	6.76	7.00	2.79
Scien 5917	5.33	5.00	1.11
Scien 5Th	1.10	0.00	1.58
Scien 5Thfl	0.04	0.00	0.19
Scien 635	0.84	1.00	0.73
Scien 6Fl	13.00	13.00	0.00
Scien 6Th	1.17	0.00	2.49
Scien 6Thfl	0.54	0.00	0.74
Scien 706	0.33	0.00	0.47
Scien 7Th	1.00	1.00	0.00
Scien 7Thfl	1.25	1.00	0.43
Shrmn 01	0.17	0.00	0.37
Shrmn 02	0.47	0.00	0.78
Shrmn 04	1.67	2.00	0.47
Shrmn 05	0.74	1.00	0.79
Shrmn 08	0.32	0.00	0.61
Shrmn 10	2.24	2.00	2.20
Shrmn 101	0.50	0.00	0.65
Shrmn 104	1.00	1.00	0.00
Shrmn 105	0.75	1.00	0.83
Shrmn 108	4.58	3.00	6.01
Shrmn 114	2.00	2.00	0.89
Shrmn 116	4.07	1.00	5.19
Shrmn 119	0.24	0.00	0.70
Shrmn 12	0.40	0.00	0.97
Shrmn 123	0.13	0.00	0.33
Shrmn 124	2.00	2.00	0.00
Shrmn 13	0.03	0.00	0.17
Shrmn 15	0.07	0.00	0.37
Shrmn 17	0.35	0.00	0.73
Shrmn 202	0.29	0.00	0.96
Shrmn 204	0.29	0.00	0.93
Shrmn 207	1.00	1.00	0.00
Shrmn 209	1.50	1.00	1.12
Shrmn 218	0.00	0.00	0.00
Shrmn 223	5.76	4.00	7.24
Shrmn 302	1.76	1.00	2.21
Shrmn 304	0.72	1.00	0.80
Shrmn 309	0.00	0.00	0.00
Shrmn 315	0.53	0.00	0.69
Shrmna 04	1.00	1.00	0.00
Shrmna 10	0.17	0.00	0.37
Shrmna 108	3.33	3.00	2.69
Shrmna 112	1.00	1.00	0.00
Shrmna 132	1.00	1.00	0.00
Shrmna 24	2.00	2.00	0.00
Slee 100B	19.00	19.00	0.00
Slee 110	1.79	1.00	2.57
Slee 110A	3.00	1.00	2.83
Slee 110B	5.55	6.00	2.09
Slee 110C	2.71	2.00	1.48
Slee 112	1.35	1.00	1.36
Slee 113	1.40	1.00	1.67
Slee 114	0.97	1.00	1.45
Slee 116	3.04	3.00	2.65
Slee 1165	6.09	6.00	1.62
Slee 116A	1.78	1.00	0.92
Slee 116B	4.00	4.00	3.00
Slee 202	2.83	0.00	10.15
Slee 214	3.11	3.00	1.85
Slee 222	1.00	1.00	0.00
Slee 31	1.00	1.00	0.00
Slee 410	2.42	2.00	1.85
Slee 422	1.14	1.00	0.35
Slee B02	3.50	3.00	0.50
Slee B1	9.05	4.00	13.79
Slee B3	1.00	1.00	0.00
Spldng 115	2.00	2.00	1.00
Spldng 133	2.22	2.00	1.99
Spldng 134	3.24	3.00	2.26
Spldng 155	25.78	28.00	5.85
Spldng 158	5.68	4.00	5.64
Spldng 161	0.19	0.00	0.43
Spldng 163	2.00	2.00	1.19
Spldng 165	1.33	1.00	1.09
Spldng 166	0.82	1.00	0.84
Spldng 171	1.06	1.00	1.38
Spldng 172	1.50	1.00	0.87
Spldng 173	1.43	1.00	0.73
Spldng 174	1.15	1.00	1.28
Spldng 175	1.28	1.00	1.74
Spldng 177	2.03	1.00	1.96
Spldng 178	1.14	1.00	1.12
Spldng 261	3.20	1.00	3.87
Spldng 278	2.22	1.00	2.47
Spldng 361	2.00	2.00	0.00
Spldng 375	1.87	1.00	1.71
Spldng 376	0.64	0.00	0.71
Spldng 377	1.70	1.00	1.45
Spldng 378	0.89	1.00	0.85
Spldng 380	1.00	1.00	0.00
Spldng 466	1.00	1.00	0.00
Squire 112	3.74	0.00	14.55
Squire 114	20.07	0.00	35.45
Squire 1144	0.00	0.00	0.00
Squire 128	0.57	0.00	0.90
Squire 131A	1.40	1.00	0.49
Squire 137	1.73	0.00	4.41
Squire 140	4.88	6.00	4.22
Squire 15	14.67	15.00	1.25
Squire 20	8.60	10.00	3.83
Squire 215	1.00	0.00	2.94
Squire 222	2.21	0.00	4.62
Squire 224	1.45	0.00	2.92
Squire 228	4.86	6.00	2.29
Squire 235	0.54	0.00	2.42
Squire 240	1.25	0.00	1.84
Squire 25	0.00	0.00	0.00
Squire 250	0.89	0.00	2.49
Squire 25099	1.00	1.00	0.00
Squire 301	75.00	75.00	0.00
Squire 308	0.48	0.00	1.26
Squire 310	0.09	0.00	0.38
Squire 315	0.55	0.00	2.34
Squire 325	7.52	1.00	17.17
Squire 325B	6.00	6.00	0.00
Squire 326	17.92	16.00	15.70
Squire 335	2.50	2.00	1.16
Squire 335B	1.00	1.00	0.00
Squire 335D	1.00	1.00	0.00
Squire 335E	0.00	0.00	0.00
Squire 336	1.02	1.00	0.97
Squire 355	1.08	0.00	5.39
Squire 355C	7.00	8.00	2.18
Squire 356	14.00	11.00	13.78
Squire 358	2.70	3.00	1.49
Squire 362	15.90	18.00	8.79
Squire 365	1.23	0.00	1.97
Squire 999	16.63	1.00	32.77
Squire 9999	84.25	85.00	2.49
Squire 99999	65.67	83.00	33.22
Squire B12	1.00	1.00	0.00
Squire B28	77.99	86.00	26.53
Squire B35	14.93	16.00	8.61
Studen 112	10.25	9.00	2.28
Studen 114	6.65	5.00	5.49
Studen 145	12.00	12.00	4.00
Studen 145A	15.50	15.00	15.50
Studen 145C	23.00	23.00	5.00
Studen 150	7.00	8.00	2.05
Studen 210	20.33	18.00	11.57
Studen 220	30.00	30.00	0.00
Studen 222	26.00	26.00	26.00
Studen 223	4.00	2.00	3.56
Studen 230	4.67	5.00	2.29
Studen 235	18.08	19.00	9.54
Studen 240	7.90	7.00	7.63
Studen 250	14.17	12.00	8.24
Studen 306	13.00	15.00	5.39
Studen 317	13.63	14.00	5.62
Studen 330	15.75	17.00	5.63
Studen 378	18.00	18.00	4.00
Talbrt 10	34.28	41.00	15.54
Talbrt 103	21.43	23.00	11.33
Talbrt 103A	6.25	6.00	5.26
Talbrt 106	20.37	23.00	9.25
Talbrt 106A	2.00	1.00	1.41
Talbrt 107	42.83	40.00	27.99
Talbrt 109	19.00	20.00	5.66
Talbrt 11	34.28	35.00	14.96
Talbrt 110	14.50	17.00	6.86
Talbrt 111	22.57	26.00	9.29
Talbrt 112	21.81	24.00	10.38
Talbrt 113	23.55	26.00	9.91
Talbrt 115	25.02	25.00	14.80
Talbrt 115B	6.00	6.00	0.00
Talbrt 212	30.24	24.00	19.51
Talbrt 214	8.13	3.00	9.31
Talbrt 218	17.75	21.00	6.63
Talbrt 219	17.00	17.00	0.00
Talbrt 220	1.00	1.00	0.00
Talbrt 221	2.41	1.00	3.66
Ubcmns 09	8.00	6.00	6.04
Ubcmns 12	16.00	16.00	0.00
Ubcmns 202	10.67	8.00	8.22
Unknown	7.93	2.00	29.97
Vetrns 106	5.00	5.00	0.00
Vetrns 108	0.92	1.00	0.86
Vetrns 1104	6.00	6.00	6.00
Vetrns 625A3	11.00	11.00	3.00
Vetrns 723B	3.50	3.00	1.50
Vetrns 732B1	3.86	3.00	2.59
Wende 05	10.00	10.00	0.00
Wende 101	6.77	5.00	5.15
Wende 101C	0.22	0.00	0.71
Wende 101E	0.79	0.00	1.44
Wende 102A	0.13	0.00	0.33
Wende 105	0.89	0.00	2.35
Wende 111	22.27	17.00	17.85
Wende 112	7.21	6.00	5.87
Wende 114	72.85	80.00	44.20
Wende 144	14.00	14.00	0.00
Wende 200E	0.50	0.00	0.50
Wende 201C	0.05	0.00	0.22
Wende 201D	0.08	0.00	0.27
Wende 201E	0.51	0.00	0.73
Wende 201F	0.67	0.00	0.94
Wende 205	4.17	5.00	1.21
Wende 208	0.35	0.00	1.00
Wende 209	0.39	0.00	0.68
Wende 210	0.17	0.00	0.38
Wende 211	0.25	0.00	0.43
Wende 212	0.67	1.00	0.47
Wende 219	0.18	0.00	0.51
Wende 220	2.00	2.00	0.00
Wende 220B	0.00	0.00	0.00
Wende 220D	0.00	0.00	0.00
Wende 220E	0.00	0.00	0.00
Wende 220F	0.00	0.00	0.00
Wende 220I	0.07	0.00	0.26
Wende 220J	0.00	0.00	0.00
Wende 222	0.22	0.00	0.42
Wende 24	14.67	15.00	10.55
Wende 26	16.90	20.00	5.69
Wende 301	7.89	7.00	5.58
Wende 303	0.17	0.00	0.37
Wende 304C	0.07	0.00	0.26
Wende 304D	0.18	0.00	0.38
Wende 304E	0.13	0.00	0.33
Wende 310	0.41	0.00	0.73
Wende 311	0.07	0.00	0.25
Wende 312	0.33	0.00	0.47
Wende 314	0.27	0.00	0.45
Wende 316	38.00	38.00	0.00
Wende 317A	2.18	0.00	2.53
Wende 317C	0.18	0.00	0.39
Wende 317D	0.14	0.00	0.35
Wende 321A	0.00	0.00	0.00
Wende 321C	0.42	0.00	0.49
Wende 321D	0.24	0.00	0.73
Wende 323	0.00	0.00	0.00
Wende 326	0.07	0.00	0.25
Wende 402	54.43	55.00	23.30
Wende B-02	5.55	5.00	3.79
Wende B-08	15.29	16.00	5.49
Wende B02	3.85	4.00	3.50
Wende B08	13.86	13.00	10.26
Wilksn 105	0.56	0.00	0.96
Wilksn 106	4.93	3.00	4.97
Wilksn 106B	1.00	0.00	1.32
Wilksn 108	1.74	0.00	2.87
Wilksn 110	0.66	0.00	1.08
Wilksn 111	1.27	1.00	1.88
Wilksn 112	0.39	0.00	0.76
Wilksn 113	0.99	1.00	1.30
Wilksn 114	1.32	0.00	1.74
Wilksn 115	0.55	0.00	0.74
Wilksn 116	0.59	0.00	1.11
Wilksn 117	0.74	0.00	1.27
Wilksn 118	0.90	0.00	1.27
Wilksn 119	0.90	0.00	1.18
Wilksn 120	0.90	0.00	1.32
Wilksn 121	1.08	1.00	1.41
Wilksn 122	0.76	0.00	1.79
Wilksn 123	0.57	0.00	2.07
Wilksn 124	0.74	0.00	1.15
Wilksn 125	0.33	0.00	0.47
Wilksn 132	0.81	0.00	1.18
Wilksn 135	23.61	28.00	9.23
Wilksn 140	3.00	3.00	1.58
Wilksn 140-A	6.00	6.00	0.00
Wilksn 144	10.79	10.00	7.69
Wilksn 145	6.62	6.00	4.57
Wilksn 145C	9.90	10.00	6.54
Wilksn 145D	0.00	0.00	0.00
Wilksn 145E	0.00	0.00	0.00
Wilksn 145G	1.57	1.00	1.38
Wilksn 145H	18.94	16.00	13.45
Wilksn 151	1.86	1.00	2.27
Wilksn 155	0.19	0.00	0.47
Wilksn 157	0.62	0.00	1.00
Wilksn 160	10.00	10.00	0.00
Wilksn 212	0.00	0.00	0.00
Wilksn 301	1.50	1.00	0.50
Wilksn 301A	1.00	1.00	0.00
Wilksn 301F	0.00	0.00	0.00
Wilksn 351	0.50	0.00	0.50
